1.91124903874	0.439029242635	-1.40356519465
2.1794715736	2.37108049691	-1.63436520061
3.36353620127	-0.316776092149	-1.09016434124
-2.84936397184	-0.532485838653	0.448127188482
-1.44499539502	-0.587250827364	1.11025408523
1.0088543355	1.36062855431	0.362793982556
-0.0645698369487	-0.359820787768	1.70895321293
1.50364220154	0.515310787186	0.63108268151
-0.687470682898	1.77255556751	3.28806176309
0.337349161244	0.35802123082	1.70770006759
0.6523525479	1.00227189089	2.18213634505
0.786645919427	1.44533721948	4.60152810311
0.335271037804	1.52821809868	-0.201203073576
0.833444082549	1.20258781813	0.737180354127
0.130134772462	1.00942162953	1.94080737758
-0.28505369183	-0.11954606024	-1.62312749577
-0.0327443844436	0.258918330687	1.31529085268
2.47154816345	-1.07041092787	0.922272364388
-0.311795155653	-0.224574360948	0.36048261347
-0.773476633817	-0.59259663092	2.45090949913
-0.461945022164	0.259193285077	1.09283343991
3.35762511059	0.522463592188	0.286917463277
0.77498134201	2.73178930251	1.09532706002
1.16962756954	-0.322046015628	3.97871101515
1.31049720403	0.0121814571858	1.04589230079
-0.322001705709	0.822226716159	1.13809512484
-0.178878918905	-0.519382764187	0.294763306518
1.1512061503	-0.427927870172	-0.358446269661
-0.789857731033	2.32808250237	0.775063249435
0.27440332986	1.00081335369	0.278563792475
0.125745199489	0.000906936480588	3.58794842007
1.46694619903	0.056437639678	2.74968956763
1.21592940994	-0.378330719463	2.88291122688
0.72719537735	0.445069477452	2.59298707059
2.43849042192	2.73577354662	2.37109464831
0.762018388526	-2.05624640371	2.172963489
-1.05400965879	1.13463403008	-1.15627714023
0.690977549301	0.21854135405	-0.471673388017
1.26826504869	-0.355316546475	3.1074131762
-0.646958743571	0.0293142132565	-0.452497271853
0.108326283968	1.11935862549	-2.07171158873
-0.268667392994	0.286631082547	-1.15540289227
-0.242237456591	1.36828592659	0.471338716985
-2.65592713888	0.157624274264	2.72174387796
-2.79871510866	1.06509983611	-0.770153004097
-2.40216631375	1.17622266728	0.510559167648
-0.314792636075	3.02674927733	1.13463190375
-0.130427760881	0.0647218039594	0.379890870219
0.304007446357	0.225503541387	3.85293371181
0.716398841831	0.18267219304	-0.583231648899
-1.4147785832	1.54356358667	1.77537987875
-1.40613613756	1.92417017394	2.17740945575
1.59585674668	-0.857471180326	-1.89880867746
-2.11648401442	0.517431566917	1.64570659131
0.486881963537	2.73182605559	0.63929801954
-1.51754416831	0.410129910755	-1.30954247049
0.345031240701	1.37026272362	-2.60015151335
0.903773950415	2.7076315718	0.141493069375
0.382410501502	1.12655141966	1.65635822124
2.44823372353	-1.08777243891	0.884398217646
3.17992802734	0.750052739082	-1.03725808099
-0.232655464281	2.29049427932	2.97968733652
-0.569739199726	0.60096597763	1.17906465342
-0.177049531685	1.84588303706	0.10400378743
-0.773415361301	0.0211646231049	3.37446120139
-0.476018816422	0.702433351484	-0.399494423772
0.0871803710116	0.741353259158	1.58683873588
-2.34208852319	1.34879505184	-2.51239344738
-0.496451349779	1.2178037994	1.96193672494
-1.88769498271	0.481562344616	4.06827044218
-0.34753438171	0.885636846729	1.50929343863
0.659029456414	0.173399395413	-2.89507415748
-1.71625535645	-0.70642830031	1.95461232569
0.335506014115	2.5109819472	0.270859493339
1.11081325742	-1.30257142325	-0.598646581489
-0.315771483833	-0.192642279302	3.20512432384
0.455110541789	1.09783313284	2.64936109669
-0.220916194457	2.73902474398	0.514283092883
-0.156722688711	-2.01625200281	0.630494221804
0.604112390745	-0.365317699871	-0.795272285757
-0.316521339725	0.718540355598	2.36761869552
0.205515603336	0.293600325448	4.32354150777
-2.22633281992	1.54278994618	1.60838706619
1.56636405455	0.0396699790531	1.79566620046
-1.49571195011	0.316104184219	1.55074191402
1.10291041138	0.777395925926	-0.771462277644
-1.1522867976	0.403392599018	0.426968756027
0.794090561495	0.968473624316	-3.22078558106
1.9763157778	0.473772239639	-0.0375648444793
1.57016262093	-1.31109296471	-1.88763497034
2.40786458218	0.392807832446	-1.89251422338
-1.06667911234	1.73036675906	1.91204616137
-0.793198528842	0.688979405135	3.31641949931
2.57513032359	0.442829133594	3.82852405973
-3.05879463655	1.5588970739	2.51685596495
2.04584085665	0.311757029889	2.12407732739
-1.27178643981	0.195412770099	1.74920404783
1.79988330624	1.46616684056	0.702987623832
-2.63336697878	0.369407461715	1.30625755014
1.24504764734	0.0337381757397	2.14770240538
-2.6572033688	-1.06114943367	1.60397725043
1.93152386886	-0.130313718555	1.6421862832
-1.05962044944	0.473243637295	1.68275982925
1.21542562694	0.710571094691	1.01587809457
-1.13392859571	1.94537517683	-0.92876700922
-1.26355281963	0.545829750672	0.889228311802
0.039691405646	1.07039911051	-0.662904925928
-1.19451166495	-0.397520352608	2.5443013163
2.64365044954	-1.50834047283	0.1099348463
-1.19131966216	0.154356197255	2.74619457054
0.962548442385	-0.251780243836	1.10369575733
0.8473120233	0.319249950133	-1.74843571054
0.897698253164	1.47516954202	1.72970112605
-1.10591915583	0.507176781716	2.20192306964
0.630438449015	2.42738448881	1.96989751537
0.541059927099	0.710359857343	0.688007091652
0.729642769416	-0.148545242031	1.79371867855
-0.131197559448	2.63263540653	1.17054862671
1.20825697344	0.683849536662	2.02423915596
0.440611976324	-1.60089146401	1.94014399706
0.0564966846157	0.649830452687	0.720898372277
0.866995904361	0.436939573087	2.20483659942
2.2881413859	1.46512013976	2.21562031184
0.880428762415	0.701593615217	0.765738410681
0.878273048107	2.82834792019	-0.117733236753
-0.595954448127	1.01939715138	0.722192829693
-2.21619155073	0.731841734112	2.989325229
-1.02327806854	0.530774012618	-1.41273712216
1.47015404401	0.776389904394	1.57924570917
-1.49064357109	1.52472981637	3.70455563578
-3.95833568626	0.0364744341216	2.08171696094
-0.044965000759	0.584287082618	0.820379827615
0.158988152819	0.75145051329	2.4379270422
-1.52908429668	-0.210542641229	3.69977219048
-1.14817542416	-1.57395202771	1.39105264975
4.29587569345	-0.828418421334	2.52641082095
-0.430968741889	-0.828832943603	0.817978362494
1.4563228522	-0.820311639852	0.627732112395
2.11117579136	1.00612773471	-0.713950688139
-0.673771490518	0.782400427061	-1.51095362744
1.25800990909	1.03724819679	0.811920132576
0.304214466749	2.09500327713	2.4809807388
0.00927904210282	0.989127062831	1.17129945047
-2.43973608965	1.12813121087	-0.51548201269
-0.57950791654	1.43131616546	-0.735072984305
2.14691779606	1.48223733535	0.606096966067
0.705901529348	-1.39840234211	-0.507060764055
0.0184920381516	-0.264394534285	4.05771108736
-0.379202340836	-1.35793611529	0.194089892909
-0.812711271919	0.31799044748	2.55036165521
0.900712697538	0.585185676089	-0.395453197916
1.44843045332	0.496288688593	-0.000929299932021
0.609987417119	-0.27489470385	1.89281925247
0.0565344265747	0.576843484434	2.46846307587
1.93138254962	1.35761896683	0.0722622042998
0.494595600464	-0.488313370703	2.41240703202
-0.0940535276056	2.14803459048	1.55445366805
4.0892425605	0.698943910883	0.347278710677
-2.50481897435	-0.693138557091	2.07830709684
0.829378768075	0.692900600651	3.52011403894
0.230337348163	0.0384499986997	-1.75993559798
1.52179753193	0.184814928272	1.70094137892
-0.671203122232	-0.0415265365613	0.84965858922
2.37915861162	-0.503229602498	-0.00767029616174
0.153884747252	1.30477455088	2.37865327836
-1.59092728229	0.520178681913	0.881502182325
-0.513533908259	-1.65085822287	4.27961646358
0.418099182323	1.19531987148	-2.24259725617
0.879752268292	2.79052087214	2.2854772009
-0.131832893378	0.897107170012	1.07709946132
-0.749542752502	0.283243168354	3.8486383924
-0.376961049121	0.477881653888	0.536239132729
0.327474186445	-1.26311643076	1.88608907455
-0.688933225192	-1.4764900259	1.78589855724
-3.18007753559	-0.205491877211	2.59064225323
-2.31241823513	0.502748791537	-0.490339443785
-0.170140557173	-0.109444512862	2.84918311102
0.854488714411	0.741762319799	0.102588895296
-0.836022463226	0.124816315318	3.35807380262
-0.683552382088	1.08279500123	0.396096738649
-3.13294076945	1.32202955356	0.171816860625
-0.690984012948	-0.216551169846	2.42038039044
-0.818129683563	0.0287158466487	-0.199175421897
0.144514823522	-2.29340161433	-0.776571440959
0.895612597661	-0.0626203388668	1.46893225134
-0.509065578314	-1.48722171838	1.45492859356
-0.955222117051	2.16074603423	1.12371698999
-2.09773310999	0.530954333417	-0.448600932528
0.170553914013	0.587373034583	2.56836063475
0.485456642442	-1.24844866042	0.137927305803
1.50756853143	0.885593150095	1.5339826301
0.523168605006	0.851778321179	0.790553495689
1.09157514037	2.04165829644	5.20473499049
2.67936927766	-0.556615013529	4.48550478611
-1.03515821771	2.21217583821	2.63210937181
1.11277230962	0.691761416351	-0.973082189143
-0.548389253779	1.25526981859	2.04263417418
-0.516645427775	1.23278887773	-0.566706470227
1.02034057672	1.36749984147	1.6877726957
0.509149671341	0.383419194924	2.504270038
-2.61936748191	0.562996035948	1.90462505192
0.441057742675	-1.30009959988	-0.106492453168
-2.03238721319	0.805316294654	2.89580060236
-0.456098127998	0.0137118829109	3.18719464758
1.88325694379	-0.100081715723	-0.986002830967
-0.0730339326384	0.481770215486	-0.571953915988
-0.742119419855	1.40154865139	-0.524747748535
-1.29702206519	0.250948613105	1.1970883657
-0.972965969926	1.64181905427	-0.549228456978
-1.63075528469	-0.432827281488	2.29605351873
0.569524646161	1.31776099917	2.77925809831
0.467310117732	-0.55695000677	0.141783437699
-0.0193577981784	1.65506352324	2.04019409866
0.497123503651	0.87464883824	0.719115797279
0.550722469854	0.000827243764121	-0.268282193845
-1.2140824383	0.375003120638	0.730359509936
-1.30471674439	1.8416846471	1.69386161005
0.850492162111	0.756408377032	0.974988542131
-0.743495852339	0.394259893349	-2.42896804496
-0.373971679578	-0.57093361084	-0.633087922844
-0.936791740058	2.17957057635	2.10158051931
0.0098903540556	-0.714639466295	1.50507568799
-0.00583985726023	-0.13429386588	-0.576805960781
-1.35064354878	0.264221393039	0.394979849785
-0.264369073171	1.67580556024	3.66556185055
1.49858196198	1.88252262113	-0.146284466897
0.270878323289	0.740763574794	-4.11445494535
-0.226514810301	1.10931782115	0.890343065757
0.55681763324	0.496304470815	-2.06368363528
1.40321948929	0.879916134641	1.04363174336
1.01040007571	0.89876638435	0.134368503879
-1.97049239682	0.398693278912	-0.457318411295
-0.258730722263	0.135259665825	2.90461845212
-0.638098770895	-0.256922944351	2.56680993904
-2.23869231754	1.45791889997	1.45114359679
1.85482619618	0.157786348208	4.49837406802
0.78941578108	2.45677556389	0.194509229048
-0.653830316152	0.509395632614	-1.64139604651
0.2225483882	0.0357272649922	-2.97266113925
-0.989026930807	-1.36927089718	3.77315736435
0.901669350027	-0.348165139328	4.15455803902
-2.38408350437	1.34455966362	0.365483426841
-4.04984108713	0.638935009452	2.30823139149
0.991268383178	1.73732508083	-0.0515136204121
0.43123610284	0.777325967447	-0.502999615364
-0.77231556417	1.13533798171	1.15245567366
2.23821190931	0.554916744479	0.766484526388
-2.01856205491	2.18293516701	-0.5826676561
0.517991767985	0.717717502926	2.42635424322
-1.25166254553	-0.526944929163	0.876685253619
-0.787352899414	1.73937840883	1.49647137521
-1.31312282009	0.479056079926	3.3157362061
0.193711779595	0.392189827801	2.33923280046
-0.389721771397	-0.596486498627	-0.47251228313
0.603175641139	1.36405602415	3.3376028175
-0.180638983759	-1.59778717054	3.30118164836
-0.628486949503	1.09711134211	0.456807624771
2.45742258323	0.0673325048555	3.0448436513
0.723532130673	-0.0761068119253	1.90988303121
1.37720795454	0.830942230319	-0.398470039746
-1.50265386291	0.638490576995	1.72522088954
0.998221572941	1.25438437784	0.841749515447
-1.17508213334	1.23156815235	0.733433888281
0.422073984278	2.13935427773	-2.06491348522
2.65728408761	0.610071085499	3.70196617178
0.471393160715	1.53252932618	2.39199788889
1.11568497594	1.49385571674	0.0169354010509
-0.190732528089	2.52183031816	2.56036329858
-1.90667379054	0.769119744996	0.77464553136
1.86896145331	2.27010608885	4.47578588162
-1.97901047839	-0.230928849546	-1.36986605175
1.90231580795	0.859974501182	1.94029960157
-1.05931448415	2.48192060422	1.15116889639
0.393592382364	1.98557719475	1.30683260006
-2.10734083261	0.656636415858	0.965303725965
-1.74711787563	-0.251468458733	-1.41288125057
2.49971874993	0.228619363546	2.05675713556
-0.856005660923	0.350503113031	0.562779464399
-0.528792072571	-0.394820316926	-0.28200898114
3.30411788949	-0.0184549842208	1.82560768688
0.467956188513	-0.109459570534	0.451871191131
0.471485668385	0.754457394523	3.2178122998
-2.12831048441	0.850478438067	2.10712477214
1.18455384971	-0.586664550602	2.72424272054
0.856971551539	0.176735121913	-0.596421992444
-1.4665736956	0.517700426338	-1.31206431036
-0.811290431594	0.72237813134	3.3235566503
0.483622313558	-0.00364786138353	2.08597279722
0.929229029266	-0.522992421019	-0.32153359635
-2.31413705114	0.802181555555	0.899031391412
1.06199440953	0.49778573326	-2.07860620358
3.35677958554	0.16085214012	1.4602719599
-0.553992382598	-0.539430954141	-1.44888938334
0.400225681694	-0.549836706796	1.47618151655
-0.34506119545	-0.908227651387	-1.11706303104
-0.365742698871	-1.07100294798	1.16509425733
0.417902210983	0.777099987407	-4.28653660917
0.190882509409	1.1963031914	-0.352443440303
0.556896469834	1.55236318869	0.777331716054
-0.784068031098	2.34514334943	1.91968835162
1.25520647941	-0.0798557318374	1.72607900881
0.42891597901	0.442733619332	0.147612500247
-0.577847952393	-0.42056639814	3.24639879582
1.17869845221	1.3162383651	2.23047146801
-0.926368697226	-0.381144021623	1.25254369571
-1.05324811714	-1.09896730493	-0.505991403035
2.37227042119	-0.402081460212	1.45126278638
-0.975508261004	0.044172018174	0.345633919236
1.16391944207	-0.171685144523	2.31093857824
2.2389731924	-1.35364412055	2.9797057447
-2.00735737114	0.197878317705	2.32934778311
-0.565971270446	0.718755637795	-1.18541622711
0.476675710306	0.538357959346	1.85205968663
-2.68753230514	1.37282065111	1.262956651
-0.779917688318	0.974299653947	3.8152014975
-0.98871841736	-1.04283083282	1.76713734419
-0.944501703571	-1.01938534856	-0.108776014661
1.77532928214	-0.252920004543	-1.71528046774
-0.247782189892	0.0392246641782	-0.75609672052
2.33600703637	-1.06765258685	3.0950157541
0.724608902769	0.522365358197	2.86509370035
-1.35490429501	0.149632737576	-0.623240591938
-1.63320575369	-1.12679202768	1.75061591524
-0.226138690401	-1.70503709919	-1.48989762051
-3.45350316422	-0.695952322269	0.207269789684
-0.181278772119	1.29112111532	0.790267612561
2.35684471088	-0.137663082184	1.06495319446
1.58831017033	0.124671052989	3.78567928621
1.98760933404	0.462728051792	1.40613247336
-1.02671642865	1.22864521979	3.13127997032
-1.94214087257	-0.626078991715	1.6166940654
-0.501378684821	-0.548099345569	0.34490990136
-1.48840418677	0.00230689997773	-0.348894223417
1.04813991717	0.82672388447	0.556584257016
0.0898842560542	0.315545171096	2.15396339516
1.20305598693	0.611633757056	1.94541351206
2.31225773848	-0.266532856633	-1.63470710358
0.115868780474	0.425084822468	-0.0921317093074
1.95512107254	1.09974137183	5.7510143374
-0.459663103497	-0.467637968323	1.87299271024
-0.0972446605265	-0.869727223355	-1.24269440739
0.295044214561	1.04527681908	1.04041359632
-3.25432304071	0.30614865964	-0.37845089797
-1.03181699414	0.643109113292	-0.0104800800299
1.84518185116	-1.05975926722	1.40027902605
-0.628907175672	-0.282745532182	-0.465421737045
-0.932997241466	1.42797193192	-0.0669572801594
-0.814627441501	1.90299898899	0.46036209399
0.291678941705	0.44163062666	-0.793323375322
0.919111119087	-0.284840808695	2.97721045804
0.594192365625	2.63360954277	0.413029938045
1.59490106806	0.670515987369	1.81067869569
-2.45320447134	0.504332190229	3.68982963481
-0.0133379471755	-0.315752496224	-1.03291028019
-0.13738136366	-0.338039980007	-0.21136466908
-1.13034353147	-0.343857826796	-0.828314466185
-1.13853935243	-0.500431739832	-5.61272033674
-0.357590815037	1.92305364619	0.224010198459
0.549165583243	0.204227639707	1.58099860635
-0.99993143439	1.43484983867	0.391406595296
0.793687295416	1.94058150429	1.02526365081
-4.20206248917	-0.386488187336	3.30517116048
0.12867946834	-0.2906120109	-1.41329202524
0.151222242577	-1.09081760529	1.39441792427
-0.251477175905	1.14975605934	0.666187424819
-1.28316084374	1.12701658783	2.3484713008
0.940898133866	0.938662270696	-1.02158589743
0.793149760681	0.204639941667	3.29449781446
1.94889985195	1.0499323339	-0.149976116829
-0.95670683244	1.75308900718	0.465997722607
-1.18754988366	0.223607449657	-1.26904431091
0.571934811027	0.594369110926	-0.259315581879
-0.019052001054	0.785922925829	2.46122973472
-0.629551934475	-0.0645186559063	2.44958920802
-0.472113256552	0.00145001248557	2.38950268174
2.30294759846	2.01397644502	3.28397105224
2.11987609319	-0.153953821019	0.7504400801
2.01534093271	0.75124997265	0.766745350112
-1.1547603259	-0.188520586513	1.16845401039
-0.247697372623	-0.19689855089	1.18074057743
1.0558203117	-1.10783048135	-1.15635995112
1.04000135111	1.36366706765	-0.80081854537
3.10060616466	0.592451214477	3.8595856426
-1.04897820488	0.525796911223	-0.166508296735
0.324553202987	0.12153512661	2.05311999019
0.00277827980839	-0.793003152302	2.33979100304
2.0374047021	0.0106729864563	-3.03998213466
1.53152270509	0.718183579228	-3.06316279142
-1.37367838549	-0.0706954750721	1.818477472
-1.26575198555	-0.46927564558	4.7525418036
-1.15573883985	-1.74360931173	-0.00954620639023
-3.0105945179	0.853443129659	0.245345730361
-0.489213213547	1.34699905087	0.767027200004
2.52528036629	0.879785120635	0.128713779698
-2.18708773174	-1.52572795663	3.78791947077
1.0196219216	-0.761763463351	0.690288261636
0.785863064286	0.435207582252	2.31575996095
-1.15013243967	1.32256738931	1.02036817259
-0.355454750197	-1.66591830003	-1.01182935702
0.985365126912	1.65630325163	4.81309285631
-0.329119455081	0.815360257447	0.56709297249
3.13175909523	0.612342260617	1.9633532971
-1.07260674164	0.531719132071	-1.5193484752
1.01227999331	-0.418288400058	0.51841694834
-0.0745230539465	0.712716975224	2.23372885411
0.441958851755	-0.0915026147436	0.474308376622
0.136915922261	-0.117568103546	-0.180023396137
0.333450554294	2.15398509282	2.1863759556
-0.199467336412	0.720662391192	1.03447587709
1.50712644546	-0.259189157392	2.85201949948
-1.66133983723	1.05395171858	-0.648339077918
0.798904936915	0.386308486115	-0.113716801412
-1.97916418163	0.0468442647224	-0.976616716255
1.06413138126	1.38331877002	3.71866879344
-0.305422492292	0.936896295255	-0.462259972635
-2.79135039357	0.0620500663134	0.87689005677
0.149832258912	0.907271815877	-1.0728715443
-0.479964958447	1.57757392267	1.60372998605
-0.42160191603	0.81654289529	1.40952688073
0.987256970916	1.91369608146	1.1431162807
-1.61927500662	1.15368235721	3.55623839161
-1.10114144943	-0.143872120733	0.766182468473
-0.203764279698	2.10229130807	2.13480095904
0.303939614265	2.41833266458	0.435403216901
-0.669545548786	0.606807439218	2.96150871552
-0.514482818655	-0.13215349369	0.328971465842
-1.11669996312	-1.32448534646	1.2157797894
2.27391757775	1.69383338117	2.02821062886
-0.127618855771	1.29331754577	0.737713103655
-2.1018942494	-1.51447208618	-0.488673888987
-0.391538267134	2.51500738116	2.41939620717
0.940228506651	0.0344473697975	-0.00257749073108
-0.288026219832	1.79421625326	2.04062681952
-2.11182753686	-0.375854903195	1.00555754014
-0.651856646147	0.532190681735	1.46709175402
0.601252823182	2.18861745029	-0.0616305995491
1.95875769183	1.22567429944	-0.927095189608
2.64027137982	0.0352181554242	3.05113582411
1.24356757861	1.0987296664	0.701652245876
0.78683690406	-0.441510006469	0.25955217449
-1.19939351312	1.25930456337	1.94559146845
-1.49574252146	1.0601238034	1.69856856735
-2.83450236785	0.887754791818	3.65770907669
-1.36789457647	0.42851415203	3.18443381911
-2.11788937236	0.527105858656	4.50814434266
1.88849207933	0.881246097179	-0.553653923524
-0.0597763824023	-0.917422141645	2.09853688587
0.815989239023	0.108661800812	-0.31753155537
1.1537865686	-0.0834252805386	3.00758778486
1.16003751278	0.544144639991	1.47291776039
-2.27725143347	0.00359852739533	0.644337422363
1.42560398956	0.614283604104	0.690786635572
-0.823464602812	1.80663740048	0.486054196183
-0.256052675559	0.721231788693	0.177864858826
0.711695516166	-1.40370116423	1.76156601252
-0.567268251025	0.728880098893	0.83720757033
3.29895509607	0.276124937658	4.83310248317
3.42344122862	-0.11867023878	-0.230398746128
0.195038340677	0.131964868748	2.27911137731
-0.916831277882	-0.579738872183	0.603045119137
1.22062545431	1.38357236367	2.04370302575
1.4598624705	-0.505981851953	0.993503982118
-0.0458861230795	0.858767871567	1.87123990923
-0.160564934845	1.26203893639	-2.23435233988
-3.36178087548	1.06738836656	0.743122239145
-2.63192875528	-1.21590185719	2.86712861416
-1.38170515999	-1.99018684839	3.54083337348
-0.359232226243	0.881590131069	0.0783585454438
-1.34702841328	0.306280163263	1.64901858683
-1.66596446807	0.768725677092	0.403001918629
-3.06910289024	0.887629054171	-1.12202263718
3.06492771834	0.268688135805	1.18466877112
2.00078499477	-0.524223137039	3.61870693401
2.89707797729	1.43474080719	-0.452667358847
1.48443154488	0.184903069702	1.19490065318
0.344768259728	0.627741650678	-2.99230993625
1.90197505098	-0.161403540077	3.11217772003
-3.10253894897	0.381704793059	0.0316648679591
-0.875815240684	2.12712720301	3.97513353908
0.371507063872	1.23625567222	1.008254144
0.472689978659	1.04882410242	-1.69515948488
0.694039893644	0.980981316704	-0.226896347584
-0.280103487224	-0.323805618474	4.04542122138
1.59680169145	3.26616682747	2.93093079094
-1.16973530906	1.79305667148	-0.876913184971
-0.48550613291	1.79939453952	1.93844943932
-1.91373672833	0.624517703063	2.96748182327
-0.602523972935	-0.368106414422	4.11456551432
1.18916702336	-0.0171047586248	3.97594103711
-1.0826674896	0.643743990284	1.33287599718
1.1153699588	0.0584354029807	0.470979258395
-0.0681173817062	0.755113003113	1.21575178067
-0.124443891655	-0.461057918029	1.95814787506
-0.8269738773	1.78146478163	0.916639877201
-1.29014191931	0.000137568956562	-1.56658601621
-0.111539656457	1.38446552342	-1.54101081792
-0.85898539757	0.968003941534	4.86789928418
0.2578308295	0.832323518256	1.2998596507
-0.243026838039	0.0429229999709	1.04120283168
-0.394142511141	-0.466369320716	3.13955398066
0.425061703369	0.321715543086	2.60423315027
0.227460251104	1.88340234439	2.9996214659
-0.0387458996577	0.473649856139	0.117729104109
-0.920844695041	-0.23471532465	0.095429619814
0.279884205944	1.71886338781	3.74422182056
0.534184950154	-1.6478135506	3.27899642355
-2.69037679747	-0.33313254803	0.431766998938
1.91818542323	-0.333761176807	-0.560620499436
-0.64419192115	-0.560006240953	0.362540810577
0.0379982481091	-0.278073855825	0.0346489869541
-1.47835756901	-0.183015894044	1.07093347663
1.02886292186	-0.846604957865	-0.557922403764
-1.00653585177	1.57174295905	2.61467788645
-1.11276804675	1.99363190333	-0.420854538254
-0.23363673104	-0.158609110374	-2.8562382418
1.4214966595	0.153401642723	1.57710866936
-2.30838241921	0.0504313631704	0.605294597818
0.288588898546	1.1780796573	1.44609737237
-1.6281913033	0.434085952502	-0.178105117127
1.67639627375	-0.916061584452	-0.654340784652
-1.2459928375	-0.348505728759	2.04375783872
0.771007900898	-0.0369012362835	-0.116167484038
1.2413236978	-0.158471793376	0.843732114943
-0.0964691230833	-1.25013683016	0.46140996062
0.635836066769	0.453484103404	2.54269348437
1.01012839263	-0.271235248623	3.05164095946
-0.746105498713	1.64431450312	2.17106642173
0.839950965734	0.754151231662	4.39129122055
-0.046027033509	0.0231106320072	-1.51838580839
1.33193810659	0.989225454173	4.1390697812
-1.09932575433	0.545827925495	-1.57722456716
1.3425474278	-0.205656101444	1.11351545489
1.70652067221	1.42159294725	1.90628013562
-1.70636571857	-0.231868091505	2.62681879533
2.87491665456	2.03432684346	1.44551047248
1.3894021506	2.16920004782	2.98198313437
0.703228779658	1.01416432091	0.955673455082
0.188124895096	0.0804313756106	-1.81199750951
2.68575171462	0.0265424312086	-0.973371129883
-0.0822304743073	0.915931830134	2.10878394563
0.299217602609	0.438302910941	-0.701396102797
4.11850768186	-0.808927004569	2.51574765596
0.480905850647	-0.72519808864	-1.02488342764
1.35497747865	2.44175348941	-1.77043220779
0.593473559712	0.110812144935	0.594606064735
-0.615978978726	0.458568851514	2.43875550332
1.25274579456	-0.211139812394	2.53606721293
0.244602306008	-0.0743804452802	2.33379971035
0.782863246929	1.1787993802	1.9067480706
0.173441384104	1.36773005786	2.71254460102
-0.299375819713	-0.968217170676	2.98899850834
-0.256500757321	-0.384332864368	3.79341207695
-1.5685288772	0.550759560944	2.95362802351
2.69467939733	0.277471716705	1.54442588585
-0.200264590724	1.4479452673	1.6509674838
1.09166219979	1.97158331753	0.564014321533
1.89809155737	0.544487319303	2.77976520296
1.55516002867	0.162105443403	0.839620340427
2.43857100866	0.13442874775	-0.845069629488
-0.530015700505	0.310777552459	-0.31275520408
0.938114231692	1.35054628537	4.72474488127
2.24873804738	1.63747853762	3.48059853546
0.343875924152	0.512361900551	3.1011031732
-1.23862733043	1.13201979955	0.637019003099
1.54177542837	1.0314461564	-0.286339566186
0.227656312386	1.56445931958	0.982052962165
3.61526960851	0.104781179135	-0.864899194491
-2.91962506975	-1.04585739854	2.40001524067
0.944461786164	-0.739341380258	-0.599029533299
2.21300784338	-0.298427773921	1.2155170126
-1.40757000175	1.15885424731	-0.621600027731
2.95744596702	2.13041981368	3.69294609941
0.591216800247	0.167732530965	-0.2260140843
-0.463850670062	-0.160953514288	0.778750217395
2.35757288153	-0.392542738815	1.59750143651
-1.43934856336	-1.44389517591	0.889523632679
-0.75879984839	2.21965413537	-3.10896598344
-0.592402257001	1.37837099295	0.0180286982395
0.824408994274	1.71600867408	1.3830597379
-1.14580520592	1.38101205954	1.52394913989
0.0178174703988	0.622506566969	2.56800933069
-0.491611388203	1.85035822671	2.35318066768
-3.1265810966	-0.696025445741	1.85811781267
0.329622661865	-0.230488399453	4.07597872182
1.44708841129	-0.677301544135	-0.703557648812
1.22555702756	1.33152151857	-0.376892647132
1.55299840482	0.928488327832	0.938984577482
0.257359140655	1.09616802545	1.77422736959
-2.07655261176	1.16697383439	-0.317439232965
-2.82027706016	-0.205155417704	0.499791125332
-1.64213868203	-0.550304415376	3.54846354985
-0.979457056389	-0.674171574744	2.9600265087
1.60088346285	-0.811021469982	3.17337792337
0.493322306161	0.337271104848	0.90800490593
-0.681401680326	0.264544719119	-1.19960652932
2.94625111165	0.262685587172	0.155992707767
1.9164971997	0.678974779529	2.91697711213
-1.01780929401	1.51605902	0.917024946851
1.66731073984	1.59012186016	-1.4725923003
-1.02125459033	-0.0127241795305	1.71806451041
-0.450084229005	0.173025234611	0.320621676023
-1.08195190915	-0.34487200527	-0.124881623406
1.33494182599	1.53008727042	-0.63699730387
1.70549707455	1.21646132118	2.13377144402
1.73248537245	1.40020018784	1.49799227859
2.44232711394	1.26056281345	-0.222584548849
-1.81370933313	-0.68160947744	-2.42804838473
0.513415751461	0.424559213351	-0.783730630784
-0.57155797022	-0.425538364331	0.885764153877
1.12926089076	0.581856276964	-1.04791402417
-0.613234597029	-0.741872423849	-0.00694202045565
1.52537495175	-0.293779397546	3.16838608433
1.21033093662	0.109566359573	-2.34372078885
2.26856731043	-1.03731081822	0.990891982051
-0.544108443053	0.80910315639	1.4606399627
0.142883696079	-0.136695779017	0.715039751083
0.833901952943	-0.263028977158	-2.27337093996
-0.0404314717113	1.71140014824	0.628643855152
-0.337193077442	-0.0465243191363	2.42802057906
-0.789872847235	2.17833673275	0.864731557864
0.821778205507	-0.0966678827869	0.36799473655
-0.660348161493	-0.500056972879	1.29540841873
-0.662402210697	-0.343438651621	0.572451806412
-1.00801074864	-0.774198628723	2.57415998388
2.81570965379	-1.3177878334	-0.293917623019
-2.13689468597	-0.163816934208	1.33344964846
3.53362148384	0.534571645932	0.612419966765
2.17566831878	-0.317420155323	3.02922335535
-1.70492241177	0.829208537491	-1.68910600699
1.99673013213	-0.53768565228	0.734783004264
0.34264463051	1.09798040143	-0.184723749088
-1.20794008611	1.92312547617	1.66660217546
0.129264195064	1.85061522075	-2.96850940969
-0.926744584749	0.863932082881	5.99839643342
0.665964833077	0.493233636746	2.16320641076
-1.38876701261	2.58412806999	0.474246712646
-1.71931840008	1.41099947325	1.93492518919
0.431150745891	0.391377312767	-1.68968265562
-1.36244749577	1.58965029247	-1.46426977249
-0.370927200103	-0.227181341686	0.431295114981
1.23994466598	2.68105731396	0.642793798558
0.429140526232	-0.711634919276	-0.269425191365
-1.48221523613	-0.738041058607	1.49760066577
-0.112736240016	-0.110891824655	3.20965357118
-1.05395557675	-0.0411596367176	0.551500727961
0.808125343842	0.894165309454	-2.42954945132
0.932879766715	0.695144730476	0.984612428258
2.08766128571	0.305806576727	-1.15000431343
-0.434158831391	1.40458092016	1.53927757859
-0.543581623159	0.8569977822	0.18878390811
0.626470359608	-0.152702110382	2.39896368158
1.44869612027	-2.65595722597	2.02817543205
0.388876645449	0.898826006163	-0.450231423238
0.15793085735	0.28388710349	3.63819096154
-0.432659778762	-0.615724849432	1.41951181528
-1.99921077931	0.726790574097	1.50715958084
-0.461038994992	0.913198607296	1.62241240033
0.525786023135	-0.0784016742224	1.67093374841
-1.36693449836	0.989275983583	-0.420104812418
-0.939301927387	0.418756517303	0.394370569494
0.304600110105	1.47344975149	0.65792766229
1.00343568554	0.701581499099	2.9788630366
3.0125783143	1.06123632702	2.06650861755
1.47450680761	-0.284576002294	-0.488347924155
-0.817460693575	0.0577209969603	1.17113939822
0.47158390325	0.0757850714285	-0.544863194694
1.28946582924	-0.732456143734	2.41185024226
0.0941136024853	1.86024402546	-3.01816045183
0.513595921776	0.174266219653	0.7730196327
0.785110384282	1.29311297686	1.42850441917
-0.178205895676	0.248623707197	1.82692310652
0.16060077235	-0.521160493923	-1.28121375627
-2.11502570831	0.0563845312063	1.51071341392
0.189145165251	0.0294624458487	-2.60730469019
-3.34126049248	0.0457037947668	-2.99634331696
-1.00280487178	2.13091051141	1.21748554718
0.426606259712	1.65915103346	1.64945884892
-0.740825766739	1.5536671827	1.53244902408
-1.44593897776	1.2086056788	0.897926432382
-2.28046481386	1.65243699965	0.42665410235
-1.27605025476	-1.44037928718	0.480179921802
1.45806818353	0.856228048708	0.119151213158
0.295922431721	-0.265184753227	-2.42859056579
-3.81523454665	-0.923078808884	4.21146284401
-2.83143958952	0.699916402078	2.78035041105
0.448219135744	1.08236950416	2.89119144623
1.0610892218	-0.657221696664	2.86809639306
-0.289194894765	0.888055863064	-1.87912218296
1.62670497619	-0.243671307357	-0.572265160576
0.245392079201	2.27519273979	0.738843019557
0.0652322765814	0.244321752409	1.23532831082
1.1631349654	0.514679435308	2.01409731914
0.764264255283	0.730505173898	1.07259668955
0.441753165867	0.688997936586	3.31962627641
-0.361871254667	-0.92541663049	0.199202308291
2.89903079487	1.38359627428	2.90839922242
-2.15470896432	-0.393862136219	0.939251593732
0.140993700993	-0.769355574043	0.820830158919
-1.29151245325	0.273089610334	0.714628758632
2.11228632246	0.652726839418	0.197727877476
-1.18618581479	1.44659471558	1.40013863612
0.577100216493	0.740939128	0.088099766047
-0.904866980955	1.03175596255	1.34873594878
0.490544867606	0.0920335744828	-3.95561012742
-0.230141923572	-0.178975387565	-1.38625733166
2.73696234544	1.22439170645	-1.84654112311
-0.614239622845	0.306149454103	3.34407105974
-0.166137684336	-1.40129079893	4.11902437765
-1.31057896458	0.733390588936	-1.08312947757
-0.530353388699	-0.594510152549	-3.4690541086
0.946261655694	0.00906575393131	3.60590954379
2.05135139547	0.945114535364	2.91765403746
-0.418930125977	1.67902678019	1.50810942097
-2.4299523922	-0.658753538499	1.12221272931
-0.817810902589	-0.75887972672	3.02112217228
-2.06176462289	-0.352485459469	0.850704797612
0.923369985305	-0.838259065798	0.817263516159
1.78003601068	0.10779746381	-0.365269561062
-0.567339714761	0.187624376237	4.95835273529
-1.37081482214	-0.541714677951	-0.070309234279
-0.780265471962	0.425187320343	-2.66156384638
-1.04621862603	1.43448317034	1.21300277574
-0.991824338305	-0.628105486704	0.979140366017
0.894455495478	1.39052435495	0.807763213213
-1.31435444469	1.83288707766	1.3137856179
-1.42336102454	0.208483393104	2.37039023072
0.416505005931	1.20253594862	1.33976627773
2.00114931584	0.546610491347	4.08652655412
-0.749198162279	0.169116333713	-2.0596699658
-0.347331560233	-1.60956862624	1.33624576716
1.71394411499	2.69449796219	-0.682427022752
0.216699620934	0.440034745924	2.52187883409
-0.673236398748	0.688077608047	2.65575211656
1.82571549228	-0.792511213371	1.14461421649
-0.130392902004	0.583253030413	2.64753306572
-0.810496502976	-1.27361600981	0.17731231785
0.577183864459	1.1119388037	1.2670806572
1.17070866267	0.634524429995	1.48682009659
2.15448697469	0.421703979852	3.48378023365
0.374631730412	0.0042886679574	0.867157457491
0.092253207449	0.607444409912	4.41232611493
-0.118920555234	0.9650574561	1.98023410687
-0.26384787995	0.763722375453	1.78020263601
-0.408856820885	0.147260517195	1.57901842198
0.369585763687	-1.71537294205	1.04430245462
-0.764520619116	-1.21232014517	-2.71358427731
0.820729118865	1.10532939951	2.81489400998
-0.608261310471	-1.76021165521	-0.697237560784
0.864807125067	0.813073511184	-2.00685097788
0.363009955578	0.559130539933	-2.50316138828
-1.33258928134	0.635180721809	-2.54040732582
0.203029370307	1.78157739777	1.86170984358
-0.51449807354	0.489237079932	-1.68219313172
1.15877282944	1.25266339365	1.18965754945
4.13903414392	-2.03490760919	0.180870730864
-1.3472278114	-2.19774922021	-2.68338087428
-1.42800044881	0.126152310257	-1.31157362034
-2.64371125431	1.93324884967	-0.13684711489
3.33462654991	0.472111153831	1.23251987761
0.622532559789	-0.123121038307	-0.0502433663272
0.763123280459	1.41240257995	-1.79522166276
-1.07526575863	-1.84031813037	-0.725857327488
0.0393613144663	2.63819836155	0.321876557855
-0.504531256022	0.247807649453	-0.170173429029
1.42754899253	0.336211935371	2.76165108361
2.47872145827	1.45020304367	-0.304772731994
-0.496188142064	-0.244671926825	-0.587126739424
-1.73399550898	0.938799178116	0.953325853979
0.705078395297	0.329284066589	3.7633088403
-1.17952143433	-0.125263520826	3.92052689308
1.41568935576	2.41346411033	0.126387484102
-0.781527587983	0.213783265213	-2.73047617493
2.73047292278	-0.695129450419	0.214676853628
1.36995442974	1.98840055703	0.40027336525
-0.449099860669	0.320888655002	1.8387220149
-0.704550971931	-0.0914833391657	5.11684769173
2.65122447929	1.29859769023	2.2976679473
1.56215605548	1.04383263537	2.96076696621
-0.14056173292	1.01899227175	0.224604714052
0.657536709128	2.59477938261	0.533452263836
2.17265986385	0.445611975448	0.719154459268
-1.65137231444	2.4519872402	0.332688283029
2.53059998374	1.09317074195	-0.478175533995
0.53915385712	1.05416849687	1.27234956754
4.14389361439	-0.414735373622	3.16880483711
0.839783130035	-0.34368015893	1.44448770719
0.369270341076	2.98155307681	3.59787027259
1.63816531817	0.075023293055	3.47683392967
2.02987924656	-2.12447561385	1.7318006604
0.498246066159	0.742173990228	4.10069390414
-1.30555049527	0.408712683802	0.166882689043
2.11085682175	1.16845109917	5.29433461907
0.998882984566	0.491127918476	-1.54567544731
-0.0502790683119	0.746090280374	0.281761058191
0.107869392768	1.09526796605	2.47386644635
0.166004591495	0.730269324992	1.28751527131
0.101139669336	-0.356808882285	-0.170615696237
-0.653591016752	-0.0255876536718	0.288856777208
1.45255958678	0.563846110699	1.27483583809
1.17151503595	0.778067040035	2.35705153466
-0.285269842882	-0.795305002939	-1.03544060771
-2.37362783427	1.07839306876	2.25851567348
-1.78470391893	1.33013456373	-0.0388620994216
-2.54042014888	0.87183196885	0.54961108279
-0.201772300029	0.575685718223	0.167591511551
-1.96310893434	0.750962864532	0.769260888011
0.873185798111	1.41769504993	0.429657866935
-0.921120050326	-1.61265677273	-0.681943487229
3.22610526979	1.47977297268	2.74184167023
-2.75374462026	1.62339348079	1.39201222935
0.834918388671	-0.123506357688	0.949592368397
0.683764517159	0.316965037626	-2.73921978628
-0.0465357507052	-0.989500835678	-0.0311786368506
0.424150666836	0.901927018287	4.44580625674
-0.245900744831	0.182851743802	1.79742732335
0.170693816819	1.17127126355	3.20971738767
1.39060710466	0.856261868027	0.695089740688
4.15280957736	1.61829189702	1.52531646024
1.33292278064	0.336116007388	2.19227260231
-1.46196737255	0.383665333599	-0.12829394404
-0.672423833234	0.546332133029	0.310352229365
-0.909838421034	0.983723115635	-0.512258177093
0.578775369047	0.803302529376	0.0311998083005
0.894412611028	-0.155419491296	3.92322756275
-0.370816274129	1.13167968659	3.66046744981
0.378962766853	-0.2792923819	2.60556058738
-0.991477128392	1.00469080933	1.57788278473
0.248568109492	1.57789326787	-0.0140162109068
1.19585773581	1.72264050177	1.6802496245
-0.801954295268	-0.384314584494	2.69262201475
-0.272236701746	0.536662417097	1.50220028892
1.26717268007	0.0451772591498	-1.51566328862
0.211239633355	1.24550656337	-2.06989172299
-1.74539368267	2.1151216253	1.69154461162
-0.430057664295	0.49286894914	0.980875146813
-0.925520375892	-0.661506905056	0.711076978602
2.64155193941	1.96450222466	1.19795832412
1.02034120389	0.0420056956363	2.87947756836
0.917089877043	2.21267041127	3.07224706523
-2.05523557576	1.39325098262	0.180813350081
-0.489784637624	-1.17386678633	-2.6419169214
-0.370646982993	1.16225904249	0.656712189622
-1.12256123857	-0.351870260031	-3.29825803392
1.55624563768	1.10681954317	2.29585138016
1.16347793678	2.09814177165	3.19882576754
0.815432965974	2.15349039118	1.95005304774
-0.305035739071	-0.269323316206	-0.961639143439
1.22745464895	2.35931254512	-2.46305622232
-0.951479597145	0.577106546759	1.45820954667
-0.575564542162	-1.10816168415	1.01594257336
-2.6570908453	0.885427017895	2.5882405529
1.28958767192	0.952524721794	1.05930011693
-0.147993250612	0.107452831306	-3.28264343239
1.49031119246	1.01448093134	1.98376828321
0.610969817963	-0.033159903263	0.553089283883
0.910390319081	2.36554514933	1.22902868787
-1.06504366725	0.680397580663	0.905707898369
-1.73918324142	-0.90908818617	3.8508598275
0.0848813164032	-0.319807946408	-0.434745020642
-2.36915792137	1.85942853245	-0.106491250336
-0.623062563167	0.0275624100721	1.63523406841
0.380253564197	0.603391155546	-1.24414587486
0.493240875172	0.354984061305	0.116845848572
-0.625559889329	-0.239050623608	0.379100468904
-2.32447233809	1.25087396421	1.68009689039
-0.755494187646	0.820347461093	0.994922055165
-0.790050430656	1.54749293433	-0.364861347739
0.197409092912	0.571703729921	0.512783865928
0.485443449997	0.484242157514	1.511075113
-1.46367611529	0.26968839757	2.23717407385
1.10402509639	0.857224620009	1.90298953095
1.02793547805	1.19853400402	5.1352462377
0.907153750808	-0.721770307763	2.68892592987
-0.465072425788	0.825711031182	-1.11622949294
0.390242864173	-0.945638546632	0.515074666206
-0.341649853723	2.46246124614	2.24036374631
1.47642379288	1.14333866733	3.97623122228
-0.968576915419	-0.206677904525	0.145900444083
1.22871309793	1.57073119879	2.77726895252
-0.408243391512	3.09222613729	0.819267325664
-0.0205571744094	1.31189601915	-1.15533316276
-0.050056487751	-0.160254224541	0.844165798238
0.319421100663	-0.0473699452275	-1.92265112937
-0.699235739022	-1.20460900828	1.11056449004
-0.277710198246	1.08041301717	1.87786113709
1.9283501163	1.12440179215	1.68044950841
-0.390463906179	-0.492627476452	0.00597320602148
-1.58621845465	-0.00672137667663	-2.32024929275
0.159052227598	2.29709905533	2.37691067546
0.915996257488	1.5709520569	1.18731494344
1.48888318901	1.52233121697	-1.79653082732
-1.03479855402	1.06817375144	-2.34356438502
1.1559761036	0.96323519889	1.55002497666
-0.202991938164	1.03752010212	-0.897114187034
-0.478350307332	-0.370550472511	-1.99472816754
-0.0344311675122	0.803438026364	3.12370040062
0.184840989793	0.122097162438	-1.01016779539
1.37320630123	2.54185853799	0.092222749431
-2.29014026	0.206646459492	1.83824776245
-0.0560476630501	0.775384677562	1.25312736348
-0.198897917375	0.951090033996	-0.313905233173
1.60361168487	-0.385984577916	2.05560834294
1.6989349109	0.182230846071	2.21339283867
0.72459130713	1.41113183328	1.07040601019
-2.51636469085	-0.373500279131	2.49330600158
-2.10142869917	1.31277966328	3.67457403832
-1.54103310459	-0.214096871196	0.244211034467
-0.635707333028	0.896221362538	1.7288814716
0.210018761366	0.847052562051	0.542733816418
2.00256144642	-0.176532402646	4.01761819992
-2.28738884046	-0.650089747213	-0.271902223416
-0.523162537585	1.25811251706	-1.07012044825
-2.18832913684	0.358686666614	1.83183113256
-1.01759763911	0.882294136628	1.469715337
-0.14310809274	0.693958302317	3.04361325527
0.782998389166	-0.204444220971	0.0314045771314
-1.26654754816	0.437817121533	0.221916883198
3.30488632866	0.631149884275	5.14107499368
-1.49720644894	1.83475277178	-0.456413273509
-0.104863752762	1.05365713916	-0.607508013729
2.03880128595	-0.114188657486	-1.77011355582
-2.46703710794	1.05253190129	-1.40538151704
-1.07013605473	-0.675815369412	-0.440093306123
1.26271789823	-0.63002508923	-1.24599286042
-0.298220724601	-0.501717528631	-1.1220940015
-0.10141678397	1.07827282123	0.183621544846
-0.216181214764	2.75652250359	2.03179727822
0.0159542699786	-0.698290313372	3.93308003166
1.33015368472	-0.0915376893578	2.79390333054
1.11827882851	1.63971708379	1.33032343027
0.818234400804	1.18122074109	0.619326698184
3.22024872919	-1.18458184989	1.25124774636
0.385012575135	1.70786912927	1.20486169475
-0.0352919496173	-0.766739850826	1.16275921605
1.18065222852	0.738307036448	-0.63594226373
2.29948386494	0.878385199696	-1.79507446772
0.6090813295	0.845444907017	0.882227607891
-0.00543752625342	0.5125906252	1.1257808359
0.303389283463	-0.211298847749	0.734854542168
-1.20108674979	0.780330692544	-0.268811147651
0.281447530717	-1.39807683482	-2.37365933896
0.990133119781	0.688102615672	0.465812241639
-1.31059313466	-0.96629810475	-2.47524406715
1.21759318071	-0.915837489963	1.43007945154
-0.323046622694	-0.0300041339381	0.103523797282
-2.60855079295	0.43573813184	-0.699047355111
0.539126802022	1.48602661474	2.77239502403
-0.748419525688	0.96688450716	3.51278572787
-0.820789439263	0.836712723015	4.4936140768
-0.944691893242	0.553097386947	-0.790867441587
2.38553698347	1.87809291156	3.51328496867
-2.33425880089	1.52060708538	1.12622293986
2.0985808729	-0.815492194376	4.42868735806
-2.70676272981	1.32682699402	-2.85227365227
0.621402604579	1.24976638938	0.275299766357
0.799273929018	1.35942230926	-0.838004754821
0.846847925728	-1.30485807833	3.45796159814
-1.05650655947	-0.273552079987	1.36463382256
-1.18462504517	2.2719170471	2.05540706105
0.726099254158	-1.30432622413	0.583995809437
-1.19827183964	0.236194436933	0.655379108221
-1.81096414804	0.928802813054	0.83961729196
0.095103303363	0.801277832621	3.17314221338
1.61952622648	1.59174250682	2.36275128711
2.11702228178	0.19571867587	-2.15459952254
0.30044080827	0.164613444092	0.715269580833
1.37598282657	1.39183305778	0.816805837076
0.432320773312	0.465871088156	1.26743747132
2.38502622893	0.164722438416	1.70487615894
0.931998875395	0.733249662578	1.03818032111
-3.12202595892	0.56235460314	1.93455478845
1.80094340875	1.03501653109	0.624225218542
-1.28009832251	-0.557971761724	2.1134253063
1.34612275476	0.91020088595	-1.87665392054
1.97870121968	0.0721366050087	3.03977930346
3.15911725533	0.530886351698	1.55710206943
-1.07297731878	0.185209251514	-1.53331690475
-1.16371329913	1.28393240939	0.883509055607
2.29603734727	1.5763836201	-0.996661051016
0.304313501263	-2.24669757818	-0.302043958899
1.10496483565	1.5827243485	2.82740831893
-0.0460779181214	0.630680413734	2.46581375458
-0.454373453551	0.217169770942	1.75495455841
-1.36333277573	2.38930287656	1.06938183863
-1.69118658344	-0.261713689326	0.0457425198603
-1.35741464048	0.451478521732	1.97335979889
0.455850465271	1.45597268634	1.40698544696
1.98777440061	0.263460803631	2.21822819876
-0.0708122832376	0.925319426689	-2.26742785701
-2.94313113193	-0.70705790619	2.82263375231
-0.752182997497	0.628260583477	0.421407132701
-0.200425843813	0.559825891476	2.1443716228
-1.3432071861	1.34738002644	0.10062027786
-0.52020139451	1.20376702382	-1.10634991223
1.01510711727	1.8517609531	-1.35393716934
-1.6608297625	-0.17791689122	3.17672277071
0.864628304021	0.686036904892	-1.8536366461
-0.174970824768	0.458675740254	0.761511468184
0.427203937615	0.651964055413	-1.84383922832
-1.17612673005	1.20281183621	-2.04538685012
