-102.368413678	-96.3077354805	-101.055176458
-98.1242060488	-102.358897852	-98.5763738696
-100.530745687	-100.812175814	-100.207341474
-101.554651659	-96.7541305576	-100.071607218
-100.062374067	-95.9148099765	-101.066497534
-99.7128781193	-96.9794392861	-101.35502491
-100.490065446	-100.400600148	-98.1783230185
-101.235016125	-97.6134507919	-98.2602994584
-100.769344226	-96.6406857318	-99.6512039978
-97.0114375698	-100.627866179	-101.111671703
-98.9702921241	-99.1859822844	-99.033978827
-100.439438961	-100.932759157	-100.219513065
-103.118971673	-98.5342368406	-99.3370886535
-100.434416863	-104.563704214	-100.669408787
-99.6947028541	-96.0665966245	-101.235513994
-99.3833125909	-98.3948534234	-99.6222798484
-96.6931945977	-100.256138657	-102.276793903
-102.254400311	-101.313129123	-98.9817399846
-100.354804532	-100.290362794	-100.532125314
-102.693461917	-98.8492525472	-100.894142056
-99.1538704979	-99.5284442675	-100.338441182
-100.013832472	-99.3346871518	-98.3178161694
-98.9374292827	-99.210378649	-98.9878972967
-99.458583724	-98.3876383389	-98.4138292539
-99.9797668008	-100.509458059	-99.5382800032
-98.0495944616	-101.362989052	-100.759648195
-99.6056561793	-102.291520136	-98.3784063456
-100.543808191	-102.710713299	-100.98444861
-101.135686407	-101.678741132	-99.0908664629
-103.292029029	-98.9406522607	-100.910375178
-100.886112764	-103.598868146	-99.8103388863
-99.3682377364	-101.274943077	-99.0610270289
-100.690789635	-101.40652395	-99.8765130557
-99.2088058438	-96.1316491761	-100.220353201
-99.7516989999	-99.8416220093	-100.39405898
-99.6430799721	-99.9648951276	-100.277739853
-98.496631648	-100.642161769	-102.164023413
-99.5549765892	-102.351978994	-99.2953302666
-98.5520745291	-93.9184594955	-98.480662157
-100.113598804	-99.4267402384	-100.880971892
-99.4874154696	-96.8435839412	-101.624606456
-99.6856266122	-98.2742934668	-100.494392069
-98.1396396852	-100.942856306	-98.7542037297
-100.740048199	-99.3016212094	-99.6450072452
-99.9939933391	-98.2527722581	-101.433490535
-100.688864581	-103.485138052	-98.9219814991
-102.824073585	-99.88772501	-101.252495874
-100.63837253	-99.6478097343	-98.8860297998
-98.6421063487	-95.8749707698	-98.8546850062
-101.346677718	-103.042791388	-100.574765884
-99.7604497402	-101.450112965	-100.545932737
-102.18001063	-96.4103522828	-98.7249189601
-100.713182775	-97.1766518307	-99.6870372589
-98.1783632907	-101.677885252	-99.6487566714
-100.786156586	-97.9824077667	-99.9369950403
-97.1518156345	-98.5708073154	-100.619452824
-100.574568992	-96.2416084545	-99.8229936835
-98.2819974217	-100.71783319	-99.1688196074
-98.2255892239	-99.1812989899	-100.764337079
-98.7527531971	-99.3976454785	-100.587814955
-99.805321902	-98.898225712	-98.7925811778
-99.3488859945	-102.607242526	-99.3952458939
-97.9590125749	-101.590819063	-98.808899887
-98.0829031031	-101.057865794	-99.7841271438
-100.7955828	-95.8269854322	-99.9106995105
-98.6976301008	-102.186279834	-97.8517423361
-101.468961941	-102.310798863	-99.8795881988
-102.07382248	-98.2565572213	-100.920890048
-99.3637585327	-103.218097494	-98.8871964511
-101.353098983	-94.3553998799	-99.7036833701
-99.1682437793	-99.5245849334	-98.0824409189
-97.3214642647	-103.709188362	-100.0926625
-99.1147824385	-98.82219141	-98.7822004113
-102.161429913	-100.752937499	-100.777223013
-98.3537416703	-102.924311932	-100.0451355
-100.709218363	-103.17851375	-100.121904267
-102.44215495	-100.830004782	-100.880241608
-98.4299185278	-102.147643431	-100.905274811
-101.024262011	-99.4765051566	-100.664292128
-101.227983361	-100.926359419	-100.618488118
-100.021689701	-100.051605547	-100.307333744
-98.9314100658	-104.663345594	-100.053848253
-101.137547491	-101.001566863	-100.24889677
-98.6928809982	-99.9777172624	-100.69972121
-100.420987984	-102.001473881	-101.118561301
-100.948957767	-99.078410409	-100.868214476
-99.1706645811	-100.390710655	-101.938648995
-99.6021078359	-99.7257712936	-101.090705157
-100.79036063	-102.85090242	-99.2116332844
-99.6314942684	-98.2816912353	-100.850734974
-99.7291688241	-99.3564214591	-98.6856045799
-101.080122811	-98.8999406354	-100.180353667
-100.304467636	-96.0813906014	-100.759091902
-97.9726061028	-100.915625035	-98.4216581689
-100.00108008	-104.52502345	-98.8414345564
-100.116143883	-99.3291431712	-100.197581668
-97.8114514759	-106.390085375	-101.252153515
-100.869949145	-96.6657407525	-99.7915235257
-100.313216385	-100.402590237	-97.9727267183
-101.45256247	-101.293422345	-101.091418006
-98.9880028828	-99.9773127843	-100.158430131
-98.4327710301	-103.642557431	-100.143526877
-98.3497921792	-103.688698467	-100.573529542
-97.8100234129	-100.458793705	-100.194626548
-99.5344691956	-98.3941576407	-98.673564927
-100.369563937	-99.9084525196	-100.082726317
-101.075298359	-101.112190325	-99.3336858023
-99.9085225187	-96.8766261802	-99.7396655742
-100.224002716	-99.3748132982	-100.095330751
-102.506320852	-101.474400214	-99.7698175908
-100.263742061	-98.5909048153	-98.484452115
-101.785697654	-99.7313510223	-99.118227283
-101.154109627	-102.290733042	-100.059695188
-100.607362584	-100.502772445	-99.8225554867
-100.636955536	-101.184630001	-101.25434367
-99.6930127258	-95.0020847289	-100.91003424
-102.632320681	-97.2490813219	-100.300269576
-101.790072346	-97.5175857194	-98.7398224322
-97.655041098	-101.618404824	-99.3330075619
-98.858391174	-98.690741336	-99.339492985
-97.2060635041	-101.755528427	-100.481272436
-100.630968449	-96.827059838	-101.679429422
-99.6430980525	-99.5081327264	-100.069935251
-102.1292208	-99.8844044771	-98.9412137414
-102.05785469	-101.918901219	-100.985221845
-100.056821715	-103.615540786	-99.5806856369
-100.757162378	-98.2010387154	-100.741962662
-100.898433033	-98.0124320241	-100.007943367
-98.7966708981	-97.0590780412	-100.437595741
-98.5674857492	-99.5046810458	-100.167879978
-100.482818816	-100.787553333	-102.379826925
-99.5044559396	-99.7418656239	-101.192847064
-99.9682090006	-100.751491058	-99.8407440381
-100.560427951	-98.6546641496	-100.393455037
-100.292851996	-94.9085049466	-99.4619484147
-98.3961097641	-103.341256642	-100.765274673
-99.7339564794	-99.1439418057	-99.6671933965
-97.8021435582	-102.335662123	-100.545806076
-100.080208351	-100.486140464	-100.314236649
-100.128754803	-101.324996781	-100.005762611
-99.9290932545	-100.26666619	-99.9949751626
-97.9698502244	-99.0463757166	-98.8004274117
-102.754011102	-100.743594927	-99.4192970992
-102.467206744	-98.6319024033	-100.105829428
-101.668377353	-102.30803543	-99.308860185
-99.4930612389	-100.417759685	-97.2861149325
-100.201852175	-98.560386714	-98.9937802077
-101.467420589	-99.1495666868	-100.939838214
-100.508483646	-99.1621815897	-98.9518352456
-99.8170196226	-95.2548039495	-100.58528476
-100.451119004	-106.318507655	-99.6900353726
-100.39282789	-95.8411657254	-100.877680635
-102.151473853	-98.5019956154	-100.122265615
-100.548909286	-103.890597552	-98.7784235577
-100.844624005	-101.094300176	-101.51137563
-100.848301056	-97.7259824167	-100.141973074
-101.920623425	-101.88840771	-100.05737027
-100.896946008	-99.8853463077	-100.298649935
-100.547875028	-104.378514366	-100.759556273
-98.8744662352	-100.637661009	-99.7762346448
-98.8052745993	-97.9171033996	-98.1117138608
-100.348577742	-98.2278495938	-98.3985557537
-98.9647611319	-101.486539273	-99.473201949
-99.704836871	-100.090040172	-100.950069114
-100.721504467	-99.2538393489	-100.891574221
-99.3466386683	-98.4686548101	-100.695466228
-100.491252249	-102.172254234	-100.933022162
-102.244968087	-101.738517408	-99.3075669651
-101.676246031	-95.9272112322	-100.666984851
-99.8463310244	-104.196930369	-99.8903339369
-99.3939420442	-99.9933266984	-101.693912208
-100.441444844	-101.931525948	-99.7960307422
-99.16830822	-100.689588932	-100.356480134
-100.29765326	-92.8173853448	-100.180554814
-98.7940971837	-97.5405082624	-100.339614162
-99.5877850377	-102.92957623	-101.647153675
-99.068454924	-97.8824177431	-99.7403155754
-100.371027375	-95.9758117291	-99.6074582622
-99.2763686139	-100.243900832	-99.9340247214
-100.860886835	-99.7020486838	-99.8776146894
-99.7067738075	-99.5062300352	-99.6206983922
-99.2853307093	-103.01077961	-99.4530565023
-101.112940751	-98.1478455256	-98.1338157611
-99.1403329944	-98.5784652715	-101.060639398
-100.01207815	-94.9008524052	-100.429468816
-99.8284947209	-97.5639485019	-98.8851386987
-100.914959113	-100.040160756	-100.25736702
-100.186407187	-100.397276733	-100.519883256
-101.592664373	-100.362517071	-99.1597811251
-99.1321192185	-97.0695018899	-101.742858969
-99.9342149964	-104.198805059	-101.54972552
-102.261047598	-99.4019008217	-100.28646421
-99.7362764047	-100.852567271	-100.388600836
-100.357187714	-100.939211287	-101.393287314
-96.6478568354	-99.2873031162	-98.9044036261
-100.142432089	-98.7302660685	-99.44326231
-97.56649717	-101.986688482	-100.181368331
-101.447164284	-97.5073783934	-99.8713101696
-99.0132750512	-102.482144388	-99.5912567243
-100.552489106	-98.7646416099	-98.8956152662
-99.4480165934	-102.005267048	-100.426580273
-99.810369267	-97.8216952582	-99.0405172806
-101.146937528	-101.341129857	-99.6197350712
-98.1949570897	-96.1947192809	-99.4778350388
-101.241866727	-101.824473957	-100.207045796
-97.213109922	-98.4971996075	-98.8522338792
-99.510550486	-100.295442996	-100.182061681
-97.6218296053	-98.5589748461	-100.467865925
-98.5594362465	-103.591763666	-101.069003073
-101.032327723	-99.3912529956	-98.0981882193
-99.8044382484	-101.421871751	-100.503944941
-100.066900404	-100.96937115	-100.1509724
-100.273498503	-102.94028796	-100.434548232
-101.987055943	-101.144702981	-98.9961207178
-97.9306442569	-99.4029241935	-100.517460681
-100.143810597	-95.1463880497	-100.008576015
-101.963919918	-100.364340901	-100.630752656
-99.686164901	-100.454165436	-99.4738254352
-100.087546666	-103.591371196	-98.6631210595
-99.4457247032	-98.7208949529	-100.833944559
-100.796128444	-97.6791908426	-99.9241570656
-101.34929313	-95.5065954474	-98.716049249
-100.92356902	-101.445985983	-99.3518951822
-101.687252795	-96.9302015941	-97.8035349668
-101.780184786	-93.27796231	-98.5215528358
-100.48361625	-95.7967388419	-101.490684016
-100.687702029	-101.118627106	-99.0543275414
-101.15860563	-102.116984093	-99.1699359775
-99.559505805	-99.998347371	-98.8063117253
-98.7129276059	-101.456755016	-99.5082312075
-99.7919759137	-99.5999100143	-100.535282354
-98.633327497	-99.5371862828	-100.635927063
-99.6753037959	-101.730587201	-99.2169536961
-99.0042296084	-99.7566088063	-98.8978493758
-99.3277159942	-98.4329906371	-100.344329079
-100.731948564	-98.9940897212	-99.5400078004
-101.06764133	-97.7318069371	-99.3464256174
-100.876381039	-103.816012728	-101.281166095
-97.8546496158	-96.857337184	-102.841736397
-100.577428174	-103.568564621	-101.074780159
-98.7147866579	-100.946271734	-99.9103136957
-101.123745872	-101.740113542	-99.9707451257
-100.29942509	-99.2083919193	-99.2260579202
-101.001986024	-99.6378732259	-99.0549237328
-98.9471356441	-98.0459377989	-98.8249126059
-102.618523082	-97.8699601462	-99.8673881408
-99.1159883654	-97.9466840185	-99.1475552094
-100.931318306	-100.442841689	-99.0682458784
-101.867680325	-97.3157551294	-99.7110969602
-99.4068728254	-98.9096143167	-99.7748402004
-100.958992463	-94.9216383061	-101.02788424
-101.609150467	-101.303507218	-101.201354935
-98.8802507658	-102.14347008	-99.9963760124
-100.408931125	-103.001007729	-99.9148243248
-100.239904672	-98.9093875439	-99.141048391
-100.403993081	-100.054653215	-100.023451531
-99.9823804894	-102.281401491	-99.9527574077
-100.973264454	-94.9976681847	-99.3301357812
-99.5127679997	-102.633383317	-100.247390448
-99.487456633	-98.5373724839	-100.169712939
-98.4096928603	-98.57878002	-99.6186244059
-101.059141402	-101.584136268	-101.029467579
-100.775770914	-99.2772001891	-99.9539840364
-104.038493494	-102.670431342	-100.470324402
-100.205420809	-101.898123477	-99.5920871107
-102.044687926	-100.134210247	-100.545041179
-99.8301594002	-94.27953531	-98.9024814742
-101.268264686	-98.9361947907	-100.547674896
-100.567734031	-101.568093249	-100.165404024
-101.121763998	-101.751005552	-101.61882335
-96.9246958223	-95.5695011685	-99.0628457131
-100.188852995	-102.736259941	-99.9336217802
-99.2353218058	-98.0727361088	-100.473360965
-99.6679113781	-97.2823664986	-98.5171131194
-98.9962496755	-99.2964406538	-99.7598966874
-100.575221204	-98.7580009511	-99.5085571451
-100.271956241	-100.624114525	-98.833259694
-100.204005303	-95.4892770762	-100.295934682
-97.1703086906	-100.551981341	-100.686162281
-101.637005694	-99.3464061647	-99.9180978704
-99.4198447044	-100.611640513	-99.732432495
-99.2844624391	-97.2187540207	-100.952687772
-102.305580849	-106.405969874	-100.303923896
-95.9996453073	-101.807224311	-100.194524251
-97.3668081615	-99.6052666634	-100.099593495
-99.3796086801	-102.113385579	-100.317822683
-101.155591978	-101.638988695	-98.8444130551
-99.570740444	-97.8022898775	-100.748718994
-97.5777225959	-97.8893613006	-99.6104636021
-101.211719107	-101.857286154	-100.455710234
-100.243580409	-100.061404318	-98.9822248537
-99.529443355	-99.3565047544	-101.177282779
-99.8476171467	-97.9122510096	-100.626213509
-100.093050904	-98.1119437891	-99.5509106467
-98.9600521744	-101.005839464	-100.767357607
-98.6702246227	-99.0367249232	-97.7556696141
-99.8933685727	-96.7130000079	-100.910088445
-98.6569786787	-99.4951874394	-100.573196898
-99.651299612	-99.0353669284	-99.4792622967
-101.070958225	-101.489909233	-101.291541964
-98.1814148161	-100.647251948	-99.0294398686
-101.746025404	-102.93479039	-99.7803349405
-98.4862140532	-101.423645731	-99.3019522564
-100.82129319	-96.5046955659	-101.787209629
-100.104783914	-106.452486361	-100.272737721
-100.133034608	-95.6272101892	-99.9179672927
-98.2552171031	-99.9183917664	-100.847057032
-100.421751089	-102.575701061	-98.0255362655
-99.2825710242	-101.903646576	-99.5511015709
-102.18618454	-101.377725359	-100.670901233
-100.126932581	-103.155528324	-101.33524669
-98.3296711009	-101.873121797	-100.156310993
-99.1395168197	-98.9213063738	-97.903145038
-98.8716872259	-100.563374997	-99.2766204204
-98.5712180725	-101.284077617	-99.2511828802
-99.427450314	-94.6554763195	-99.1795617547
-101.829070551	-100.688116058	-102.077186954
-98.2106741104	-100.986917234	-99.8919021775
-97.9807407799	-95.4110310562	-99.3850683005
-99.247558525	-98.6200388948	-98.8665909942
-99.5214792772	-98.8676397547	-101.74982628
-99.7299253657	-98.9302815717	-101.006227671
-100.669106838	-98.830748537	-100.589529874
-99.2468208294	-96.8732195701	-99.4268291778
-101.393568439	-104.329146743	-99.9361428393
-100.539156987	-97.5612662521	-100.565022636
-97.9490173192	-97.9291537233	-99.739639102
-100.242974099	-101.258372451	-100.340271434
-101.36998526	-98.6157664226	-98.7789785372
-102.602398444	-98.3340868189	-100.675265684
-102.320350001	-101.52245646	-97.2101843586
-99.895356033	-100.634703123	-99.8538593881
-100.06277031	-103.910002687	-101.198050539
-101.662469703	-98.2191405276	-100.037171042
-100.812717594	-100.227938318	-99.600868327
-100.336836415	-95.7375167743	-99.5903739542
-99.7352070604	-98.7723830058	-99.8837094432
-99.419427569	-98.6537854241	-99.7954059252
-101.338088876	-97.4914069594	-101.348331427
-99.4495017361	-101.657425428	-100.75676676
-98.106538486	-100.74095734	-100.36571523
-98.4996006883	-103.801704427	-99.7611731266
-98.198971729	-100.681566532	-101.845157942
-100.06625844	-102.786783606	-101.12973427
-99.9716239812	-104.161974502	-99.6998715953
-100.799396624	-103.429340502	-101.146779167
-99.7691490485	-102.745024104	-103.263783173
-99.3910085928	-96.0411212069	-100.431580915
-99.9838545093	-103.328271874	-99.3608892302
-98.8612467702	-97.6248291782	-99.2422391193
-99.5703020443	-104.643533165	-98.7459336444
-100.687043765	-102.411746489	-98.5769663808
-100.222334442	-99.2175683388	-100.747028393
-97.671701459	-98.9265642042	-97.5134348927
-102.459324181	-100.404400622	-99.3222494311
-100.509291526	-95.9123246391	-100.911670359
-100.191145495	-99.3625167281	-101.66494702
-100.04752602	-102.879287057	-100.636406941
-100.929067334	-100.938933952	-100.872822898
-98.9676859011	-98.8111798483	-101.37545759
-99.9777243635	-101.566550155	-100.23414589
-100.047849723	-101.634161173	-101.074295718
-100.328373602	-105.405938603	-98.7827273395
-100.607340849	-95.1357395619	-99.4882715585
-100.299038893	-102.888183317	-100.596779447
-101.701421128	-104.658768959	-99.3146834934
-99.9850547176	-101.064512237	-100.4374162
-101.29887598	-99.9055312509	-100.839593473
-99.3498975786	-103.321800178	-98.2726223037
-99.9553693988	-103.55458976	-97.8204677685
-100.131924346	-97.4761493133	-99.0643162561
-97.7538853725	-95.0292455612	-99.7991574601
-99.2629089716	-99.8563391855	-98.9918786536
-99.5579187304	-99.6549726687	-100.05622551
-98.5815813002	-94.0922448642	-98.9700182078
-100.99737114	-100.117329542	-101.557047778
-99.8002083609	-99.3856236554	-98.4034496607
-99.4021508437	-96.9979019904	-101.116552903
-98.0288320523	-99.3789761652	-100.83809187
-99.7632095369	-99.9659723662	-101.333276629
-99.0642934771	-98.4085536896	-100.96379502
-100.976877709	-96.4130827694	-100.521421568
-98.5744988124	-97.5705740833	-101.384629976
-100.531327581	-95.6775403879	-98.2857994885
-103.447715129	-95.7125103614	-98.8537006211
-100.740322059	-98.1902448832	-100.719618391
-99.4306154171	-98.4263294366	-100.439443257
-101.166767771	-102.413992965	-98.7008441128
-101.494163711	-103.559784597	-98.0479555718
-100.510581245	-103.83007453	-101.936679996
-100.407910996	-100.148881905	-100.300516563
-100.310270193	-98.3669540388	-99.6856295451
-98.7140976787	-100.171943695	-99.9393096976
-99.9625522295	-98.904466222	-100.295881773
-98.5158545413	-100.676425838	-101.519680155
-99.343845216	-99.9457309303	-101.295185112
-99.786746511	-99.3712089761	-100.446097376
-99.4070898044	-95.6738866091	-99.4600123059
-99.5723498369	-101.61805041	-102.215817698
-102.631674657	-98.5412531888	-100.134011455
-101.650382638	-96.0310059005	-100.058768064
-100.5994874	-99.8233042661	-99.5987061356
-97.1223911786	-99.515156421	-99.1551801762
-98.4662285656	-98.0124805484	-99.2799083583
-100.643672676	-102.36510263	-98.2969729813
-99.9215969611	-99.6136674659	-99.9882360937
-100.036040537	-98.4762206482	-98.345097675
-99.9442135225	-102.529370193	-98.8175892684
-99.8920722612	-100.743081381	-102.413465453
-98.0869290852	-102.549110699	-101.332246909
-100.855826592	-101.774362187	-100.103789234
-100.450734021	-96.3650877693	-99.2323580578
-98.7812580463	-101.416955255	-100.968600474
-97.8480113125	-95.1716991263	-100.228254851
-101.437324723	-100.835891792	-99.9399376932
-96.7255171611	-101.854306314	-98.2166460003
-101.342452894	-101.521509413	-100.539298647
-99.2933536238	-103.938043089	-98.5087139311
-99.0736286097	-95.3956643397	-99.3820433754
-97.7056808088	-99.782226824	-98.7294634124
-100.512602741	-100.050414664	-98.7593161898
-100.92142087	-95.0895691949	-100.215316085
-98.1609765312	-102.83635777	-101.225604045
-99.5599417358	-99.6978064171	-99.2033151094
-102.003237055	-100.346582302	-98.5063611026
-99.0232186915	-100.960018512	-101.759888779
-101.023669286	-104.31653288	-99.8579569671
-100.937473732	-100.068810516	-100.210240518
-98.6762772778	-98.7895045779	-100.643257177
-102.053755388	-98.4964943267	-101.240548579
-100.494819487	-105.493982854	-98.9349780545
-98.8392847705	-102.219700626	-100.571859451
-100.647228986	-105.270396165	-98.7137456464
-100.152834713	-97.9093449879	-99.5653548226
-100.531325698	-102.31202374	-98.8472246007
-101.912071812	-101.334080222	-101.609609904
-100.864486312	-97.5485430176	-99.6035471534
-99.8864303125	-101.328689338	-99.6162130517
-102.723118114	-101.71528164	-100.341625981
-99.335943339	-103.382814772	-98.8296972683
-100.666755776	-99.2736583477	-100.348948612
-99.9185827888	-102.927859116	-101.921957346
-99.1389451755	-97.0847601924	-102.618658309
-97.3669753936	-95.0256701605	-98.5611599989
-100.963235682	-98.920439545	-99.5590111664
-99.25491361	-98.7659388796	-101.10947989
-99.6233411918	-101.197421712	-102.971544112
-99.0313468336	-103.279618178	-100.296374006
-98.6955148438	-102.367467338	-100.962528455
-100.318838729	-99.2358295516	-100.305869396
-100.157326788	-96.9863923859	-102.682694131
-100.465015143	-100.520510518	-99.1861452278
-99.6037947746	-99.1181170984	-100.376865993
-98.9008105086	-98.822443364	-99.518834187
-99.7354962407	-99.071640468	-101.273790651
-100.736110904	-93.8674615897	-99.5283577724
-100.675090484	-103.23610127	-99.6164073182
-100.562498097	-99.6390615862	-99.9211243001
-102.29817059	-98.5298986645	-100.439239134
-100.312689804	-96.5076329899	-98.9971579431
-101.865074936	-100.534181746	-100.473849789
-95.9446898916	-98.633223393	-98.6732937515
-101.555544342	-100.1214475	-99.5103556139
-97.9116594916	-101.198887556	-100.674073401
-100.642921881	-102.525058086	-101.172487946
-99.0329097387	-99.2632048672	-98.9477365891
-99.8175035139	-98.2404143739	-100.979649482
-100.279783417	-98.2826823209	-97.9621573369
-98.7839241445	-97.898957491	-99.9489293415
-100.407494049	-96.9991809391	-100.886215823
-99.4203530484	-95.4248301755	-99.3406045944
-100.247059841	-95.1161200584	-98.9834140102
-100.833579107	-97.5661532404	-98.7458217615
-100.195070197	-98.0601702126	-98.5489739974
-100.48984617	-99.7120271824	-99.4655011162
-99.6239858897	-98.124438908	-99.0998914127
-100.553552674	-101.388149212	-101.230510549
-100.014170664	-98.4643269831	-98.2734289193
-99.3544943317	-101.114164884	-102.230365678
-99.2494189373	-106.070955025	-99.9909363411
-99.1801840167	-98.8209712595	-99.4699749885
-98.2127092715	-97.0672919861	-99.3205985609
-97.6153214875	-97.9659980779	-99.5681697333
-98.1415093797	-99.2187119802	-100.756497667
-102.139009384	-99.9429040473	-99.7557651727
-100.8412652	-97.6507837777	-98.3665929561
-99.6369979543	-103.455053481	-98.7335670695
-100.669095318	-97.4719838139	-100.459323858
-101.111497471	-99.6173110386	-99.4890760801
-100.073733893	-103.756955315	-99.8622035564
-101.457098014	-102.259429049	-99.510752867
-98.9802471555	-96.346249207	-99.9482376444
-97.6948412273	-98.4358271731	-100.604827942
-98.4358197638	-101.281143976	-99.5740655002
-99.5440072502	-98.0028794141	-100.405873435
-102.275288763	-99.4407046881	-100.656888534
-101.744441507	-97.3557442067	-99.8302116644
-100.7199554	-101.118713383	-100.874136859
-100.014337163	-97.6996872008	-98.3373675901
-97.432881684	-104.305646459	-101.098184974
-99.9104434658	-99.9731514353	-101.341407376
-100.921439712	-100.433856541	-99.6431762344
-98.1583822394	-97.6898751657	-101.041300007
-104.452384775	-99.4881132685	-98.2449031243
-101.307174082	-99.3858970164	-99.6257340691
-100.604315571	-100.576927817	-100.505414199
-101.451202274	-105.705231307	-101.751168328
-98.6939017848	-97.3048389139	-99.459802813
-99.0738706565	-99.0228336726	-100.434376741
-99.6953714193	-100.844919035	-99.9920585833
-99.5555030824	-98.867457676	-99.1769017813
-100.800503636	-103.518544829	-100.137479383
-97.8506073401	-101.082858007	-100.741168053
-99.8149002456	-102.425309476	-99.1067858588
-98.4429442363	-102.225202224	-100.96057378
-101.011952564	-103.755937845	-99.1549375479
-97.5050684446	-101.774676788	-101.227482227
-99.2612601669	-96.9965068156	-99.5282541848
-100.64081043	-98.8878457713	-100.333168039
-100.903046107	-98.6666884443	-100.97377747
-100.129890724	-103.670143281	-100.49369822
-101.971889767	-101.586203135	-99.1766183489
-100.530124241	-96.453544436	-100.467025079
-101.391615322	-96.9343040253	-99.3777809327
-99.1014098965	-97.2080248399	-100.542676776
-101.242996302	-102.085770477	-98.5821695306
-101.219579404	-99.2016226121	-98.498905131
-100.969306468	-103.888166074	-100.933508263
-100.426920159	-96.0466021425	-100.688515568
-97.8319567949	-96.1604393925	-99.4934593041
-100.525367741	-100.091667295	-101.642456849
-101.404689469	-102.883414514	-101.570536523
-100.510737473	-100.201853017	-99.2458309296
-99.6511773232	-96.0969521055	-100.332056484
-101.597882713	-100.491864491	-98.8911154521
-101.42393448	-99.2952111235	-102.626901903
-97.8080741852	-96.8462440184	-100.446445319
-97.2567974971	-97.2443993942	-99.9887318107
-98.0040879572	-100.893630457	-101.215337194
-101.666362096	-102.587376707	-100.32434145
-99.2499672163	-100.20756061	-100.572473032
-100.554733888	-101.249981708	-98.6350962648
-98.0934598335	-103.19233588	-99.8209133065
-98.739954491	-101.476933027	-100.614844672
-99.8297101579	-98.6719566852	-99.8855890282
-99.4338143001	-99.8270405872	-102.206463751
-103.458676863	-96.683906728	-98.6129196621
-98.411643521	-99.7611734805	-100.82984619
-99.1966228854	-100.047666404	-101.239916694
-101.531530933	-100.068455737	-99.9201602342
-99.1834312698	-99.3616674789	-99.1696647378
-100.192924269	-97.6942827219	-101.623970511
-99.1669918313	-99.5853585299	-99.8944668904
-100.444104104	-98.7136574506	-100.211653785
-100.44889568	-101.076310813	-102.159796695
-102.021393628	-100.351979928	-98.3027640402
-101.052535179	-103.826250061	-98.9576336645
-98.2080339442	-100.561918408	-100.53829936
-97.6489877334	-98.1160969983	-99.8343083714
-100.233255815	-99.1301944873	-100.132775148
-100.909296238	-101.751816423	-100.029832073
-98.8801446872	-101.146113754	-100.79715866
-101.822011551	-101.995265524	-98.1106625769
-97.2468268412	-101.500366714	-99.4922954514
-97.8989276444	-102.939921901	-99.620444377
-98.7338750988	-98.8723821752	-100.334774132
-100.57945551	-101.038280501	-102.54312789
-101.23458003	-103.521698963	-101.537222863
-99.9194303575	-99.8116733933	-99.0132399757
-102.638693476	-99.8363648405	-100.85191799
-97.6863113471	-101.772543229	-100.631039503
-99.1041200131	-99.0211173527	-99.3041895677
-98.6535260085	-98.3924417762	-99.3383929677
-99.5634327042	-101.110277585	-99.4863062544
-101.511773513	-103.143588987	-99.2253957462
-98.4628796783	-97.1644895655	-99.1034960508
-99.8771019944	-103.668770103	-99.9986620903
-99.5582755953	-102.017138231	-101.005613115
-103.128397951	-102.988231178	-98.9858838856
-100.610781563	-97.6876370502	-98.3548614642
-100.842342552	-100.215903929	-101.249780026
-101.222109055	-91.9465972694	-100.173616214
-101.910650487	-104.310623439	-100.012758828
-101.41577671	-93.3659389822	-99.922336427
-101.431018569	-98.676793701	-97.2277172601
-100.714474188	-105.471670077	-101.313885919
-101.697409012	-103.499605408	-100.843255818
-98.8214725297	-99.0964910551	-99.4070162101
-101.604092568	-100.929187147	-99.3996210626
-99.7926394046	-96.2814037858	-99.3913194179
-100.567137368	-99.1274762904	-98.9228216109
-100.858701363	-101.515242954	-101.40731686
-100.677053479	-98.0830440684	-101.490389669
-99.6557169709	-98.9744852622	-99.8443669356
-101.100959922	-100.461223534	-101.966988801
-102.38359897	-102.799446004	-100.440579928
-98.3303689222	-100.669871263	-100.300595661
-99.1974104325	-102.973213496	-98.9090309992
-98.5065686914	-102.479469906	-100.085668706
-100.835567592	-104.870111923	-100.772244397
-100.409529286	-101.154204292	-99.3843936364
-99.4106353122	-95.1041504761	-100.443873279
-100.922821906	-100.380932329	-100.845841093
-99.5678723417	-101.19730463	-99.2540420948
-100.439775949	-100.817256111	-98.2669330687
-99.3528645666	-99.8830750812	-99.9421768599
-99.4547777153	-93.8950226312	-99.0133189409
-101.463708392	-101.079408173	-99.6623657041
-99.3024661468	-97.9971806721	-99.427849121
-98.3555050015	-95.9043055212	-99.2223239196
-102.542006147	-99.3537904033	-100.716196719
-100.701582638	-99.3029258445	-99.9463807345
-99.8918256703	-96.0946194989	-100.85172724
-99.8101597826	-100.252950414	-100.475095686
-99.9440061608	-99.7239237985	-98.5656379725
-102.775475987	-98.5869467265	-100.507315616
-99.2453912231	-98.7671686746	-100.519251112
-101.517496911	-100.022560033	-98.826455141
-99.3694151972	-95.8434313683	-98.9292409102
-99.8870793781	-99.0384379481	-101.571064912
-99.6162141259	-98.1216245051	-100.629342227
-98.5957763451	-96.919180228	-100.247064471
-100.471091787	-97.8934201628	-100.077895635
-102.967979289	-99.0321156073	-100.732582656
-101.74100563	-101.70955539	-98.2092983179
-99.4741952456	-97.8785428036	-101.201936227
-100.854293427	-102.414387504	-99.1026627432
-96.7994174495	-97.0379815664	-99.6599945272
-101.745396378	-103.640646497	-99.3923552946
-99.8203386656	-104.253613423	-100.60859627
-101.037414574	-93.991574423	-98.9459197477
-97.8400359572	-97.5563332474	-99.3067304215
-102.041877111	-101.817078463	-99.2044231471
-101.388535053	-104.804860609	-100.063600382
-100.820668682	-99.2822327397	-98.2285866844
-100.235479168	-102.725289459	-100.483243848
-100.010776217	-100.229729625	-100.217524351
-99.0552744899	-97.7518379529	-98.6100518504
-98.8522701235	-102.042422179	-100.041331515
-101.206446611	-103.57874886	-98.4406345278
-99.3481903577	-98.5260349357	-100.318216492
-100.552950246	-99.2076621628	-101.362897106
-99.27057201	-100.196804338	-99.9371428945
-99.2673215434	-101.049745022	-100.058613184
-99.4120337712	-105.18128017	-100.008278893
-98.8968680606	-96.3748873784	-100.284822406
-100.502313394	-96.5461768269	-99.4149932653
-100.676552744	-104.177559391	-100.034184955
-99.4992301546	-94.3318071581	-99.2888756993
-102.47016903	-102.218565678	-100.172361965
-101.26579286	-99.4782622796	-100.410519208
-97.630661366	-105.818025533	-102.232983668
-101.073774672	-101.126931015	-101.298564152
-98.655561974	-98.7149461586	-101.823348928
-100.179082099	-98.1475642544	-101.050745789
-100.372889656	-101.237141521	-98.876779065
-100.385968648	-99.6977026032	-100.2742994
-98.576627183	-97.741071763	-98.8118656099
-101.938191474	-99.3619699302	-99.6793497551
-99.1950148455	-97.3855733023	-98.9734948359
-98.5732530189	-102.214710677	-100.800367114
-99.1298038434	-99.9677321715	-101.048624464
-100.995195633	-97.8903628047	-100.061109405
-100.740448856	-101.420827113	-99.2677346303
-99.2546435587	-97.4705476291	-99.0247871064
-103.660969643	-103.523326989	-101.396938211
-100.087475161	-98.2019621923	-101.521447597
-96.8431069139	-100.800124291	-98.2922645391
-100.61869079	-99.0747190348	-99.1598448269
-98.2246924429	-99.087859189	-99.6522875433
-100.655247924	-99.9712839015	-98.4474104542
-98.1639109559	-99.7551833861	-99.1905908314
-101.233622273	-99.7694919072	-101.174774321
-102.627999779	-104.751923993	-99.3465141781
-101.467444605	-105.045664519	-100.393936037
-100.668080422	-99.4039030292	-100.113069837
-101.848004011	-102.241879912	-99.0375725261
-99.5967421583	-98.6807233692	-99.3956800759
-99.7419985915	-96.8790191981	-98.7253245746
-99.0684543874	-101.130826924	-101.440080197
-99.2534331177	-100.291528552	-98.0271127618
-102.397369154	-100.069871571	-100.610248732
-98.9317348879	-101.551369495	-101.174746109
-97.4294842336	-101.880596391	-101.643084545
-101.648106812	-100.812131261	-100.499565171
-100.652251677	-102.054440178	-100.503061149
-101.976956739	-99.7497580385	-97.7814314841
-99.7833974772	-105.879416631	-98.9552255694
-100.673147298	-95.5835292373	-99.0672525569
-98.4467037074	-102.107912018	-99.5096474786
-99.4953286161	-100.4138957	-99.5241407731
-102.708395673	-95.3598652161	-99.7574195172
-97.7817716934	-96.6883961434	-100.243738238
-100.674659895	-102.447191187	-99.8512677951
-98.4697687839	-103.609021163	-99.0938830121
-96.7125830242	-100.855817626	-100.234785327
-99.428219938	-98.3582179706	-100.385250947
-99.1962883135	-100.850178629	-99.6929851191
-100.277339345	-103.217995216	-99.4193862052
-101.209437791	-96.7668480732	-99.9395970939
-99.6807897572	-98.3524651907	-101.533124994
-99.4310066363	-99.8918867107	-99.6371551572
-99.5478651342	-104.882875891	-100.029803905
-100.488766052	-103.727279922	-99.7671247081
-96.7247347327	-101.737337655	-99.5655252353
-100.479285657	-100.533813272	-100.173014925
-98.9030284969	-99.3998093547	-99.8036064852
-100.084454038	-100.89247506	-99.1501234646
-98.3543326113	-98.9897545471	-100.847703692
-98.2680830249	-95.3725597312	-99.3017368779
-102.038276216	-97.7227363918	-99.948492892
-101.51368784	-99.0398145216	-99.6875538274
-100.693017662	-99.9997822459	-101.478817921
-102.715887294	-104.289421224	-99.4333673419
-97.0345449735	-97.6959460326	-99.8352060594
-101.391877714	-97.9016994745	-100.904415097
-102.062370884	-101.583401942	-99.2568036479
-100.096033908	-100.208907763	-100.469727485
-97.5380962593	-94.6425063539	-98.1850233398
-100.083920014	-102.687393258	-98.0036918413
-96.6232717477	-106.825132518	-100.072349953
-100.823506062	-96.1106428962	-102.360659477
-100.407844586	-100.976417103	-101.407997848
-100.475096159	-100.138846818	-101.549255475
-100.140232666	-99.7446286894	-99.5780690534
-99.6510439596	-98.252262408	-98.9836913896
-99.2776399045	-100.243925147	-98.0969963034
-99.9559927319	-98.247100793	-100.19516874
-100.037966767	-103.007830243	-100.224302416
-100.512208734	-101.274379221	-98.3135576469
-100.853785621	-98.3881579355	-99.5549313182
-97.6115222277	-96.3915280403	-100.119924073
-98.6788690006	-97.0039324595	-102.413924075
-98.7759194015	-99.3389125158	-99.8291855796
-98.9926888747	-100.714376679	-101.103434356
-98.8842257397	-97.8987678072	-98.1267122072
-100.217373222	-103.883742329	-99.7547682842
-100.064385199	-99.2133524357	-101.475430455
-101.519160016	-106.801614908	-101.928429523
-100.9421467	-97.6084577076	-100.637102373
-101.823101834	-96.1766390534	-98.1346521574
-99.4417009187	-98.0908280579	-100.077536053
-97.0412911537	-100.105898031	-100.169225006
-100.986367537	-99.6024970052	-100.597181253
-98.0003394477	-92.8271002288	-100.27746331
-99.3454408964	-99.3122521609	-101.428993669
-101.447609313	-96.8537609923	-99.9583583928
-100.927237457	-101.364129198	-100.552979729
-98.0518106448	-102.926025072	-99.5760392719
-98.7815188695	-103.335712433	-100.593954317
-100.745775917	-99.9187211177	-98.3403712562
-102.011376125	-99.2274989793	-99.8439124996
-98.9535061213	-97.8964469524	-101.424101732
-100.001266832	-102.073370799	-99.2513424579
-98.3838622041	-96.8583555386	-98.9772026439
-98.0910296148	-106.255256874	-101.028207793
-99.5048505411	-97.9475064487	-100.731004338
-100.451671255	-100.401784389	-100.326057783
-101.072465983	-99.2226373926	-99.9984866003
-100.522653904	-100.757243111	-99.5004959662
-101.538658093	-100.027299616	-99.7655302051
-102.194372679	-95.2139084734	-99.5542270335
-99.928209468	-99.4844857085	-99.9811978115
-97.4634025144	-101.766075429	-99.4206429782
-98.6171120321	-100.630940721	-100.56296902
-98.7874741507	-101.073599267	-100.30527793
-99.3144617263	-103.236189111	-98.2591658018
-98.4951049457	-99.5278569209	-101.275564563
-100.45395379	-97.522457265	-99.7201076292
-98.5838444766	-101.002001828	-100.898538776
-101.144587165	-102.892674564	-99.9608383136
-100.779831716	-99.6045628344	-101.899054484
-100.628245857	-99.5223549623	-101.0712985
-100.594132909	-94.7552132629	-100.11609954
-97.4037973703	-98.3113888106	-101.509992583
-100.360984817	-100.675490344	-99.7999021215
-103.556624196	-103.656527004	-99.9379850565
-100.734142003	-97.6294074141	-99.6860585482
-100.273393529	-99.7450300163	-98.4232492047
-98.4776854822	-104.98725453	-99.2242216005
-100.371941542	-99.1265770171	-100.458019432
-99.1603683842	-103.9259629	-100.123860879
-100.078881989	-100.749037716	-99.8204188637
-100.810860093	-102.998237263	-98.9408610528
-99.9644342458	-97.3755263739	-100.802921413
-99.7602448502	-100.588072641	-101.288124966
-100.570863115	-98.9276470683	-100.329525177
-101.504280062	-98.7388769846	-101.142091386
-99.0425452792	-98.4880096625	-99.9187029078
-100.124150388	-103.035648628	-99.7423728708
-99.347138768	-104.137971503	-100.466521643
-101.407195995	-98.3650509538	-100.056534671
-97.6191221127	-97.4142004929	-101.428441813
-98.3867764477	-102.405117266	-100.548012588
-100.888011441	-100.057441386	-100.298087435
-99.5676992612	-100.478038152	-100.823930042
-100.157846953	-104.139442881	-100.086067929
-99.9644908778	-98.4945476173	-99.1949559397
-99.6692691742	-100.034493123	-101.563757864
-101.113417573	-104.939555179	-100.310980191
-99.8231790511	-98.5137835062	-99.9987100752
-99.5644250291	-101.203981784	-101.113534077
-99.4143346497	-102.659784757	-98.982114551
-100.331254583	-98.9066590039	-100.131096736
-100.970288094	-99.1387472285	-99.3388512647
-99.8031319326	-98.4815053542	-100.98320688
-101.274661953	-103.377292964	-100.931230766
-98.1169655618	-102.566576171	-99.1349327211
-101.755687329	-99.6367612171	-100.192043321
-100.288999536	-98.6667588043	-98.4611245091
-101.173369362	-97.4452383151	-100.11915673
-98.8476491605	-97.6651473543	-98.870206709
-101.236318404	-104.67028944	-101.383264041
-101.126257717	-100.143782944	-99.5649880733
-100.682191545	-100.009473402	-99.8368554423
-99.9418800682	-105.935140888	-101.739723329
-100.839755016	-102.028697571	-98.6840662719
-100.911618139	-98.2227295768	-99.8750514343
-100.188953528	-99.6662235701	-99.7495424835
-101.432476763	-96.9142289832	-101.257971388
-99.7413450277	-98.5441424379	-99.5025673772
-100.802547442	-100.298253765	-102.047194547
-99.0522440432	-99.9861572098	-100.934274684
-100.148048902	-100.829221904	-100.73905563
-100.238853236	-101.540022218	-98.7017274507
-99.793109958	-99.038233602	-101.843124075
-100.830817641	-97.9255104601	-98.4286709943
-99.5983176584	-103.754253045	-101.534756974
-98.5112166603	-98.9878138752	-99.8463371632
-97.4113502312	-94.3188285961	-100.826116875
-99.880700213	-99.5980823953	-99.3920322725
-100.452873911	-101.832907716	-100.359625976
-98.5657386468	-99.6768460411	-100.041320914
-99.6939517619	-101.184430434	-99.5503116358
-103.294548629	-97.2653227787	-99.6570732682
-98.7461293709	-101.926422062	-99.8631973099
-100.1426122	-98.2795644748	-100.468683232
-99.4983349846	-101.370526158	-99.5508023205
-98.6279133421	-102.891966555	-99.9388088479
-99.3379027855	-102.150143329	-99.6949426046
-102.656633635	-101.757317171	-100.411516449
-100.679336039	-102.901275487	-100.274728009
-98.2275615839	-96.954455009	-99.4569126319
-98.4874016877	-98.3507223208	-97.3195216729
-102.107707966	-100.43070436	-100.131247305
-100.240105405	-98.3661501043	-100.08807554
-102.492773681	-102.73255963	-99.5487617228
-98.2524071349	-101.864135219	-100.52128509
-98.3208257857	-101.102337321	-100.506468013
-99.1861667655	-100.632517537	-100.537210927
-97.7470918695	-98.1223578039	-100.685696969
-99.3293983809	-104.012863012	-99.3519655397
-100.265312751	-97.160354539	-98.654085145
-98.66172724	-100.913142894	-99.3212406358
-98.2690079287	-95.4104476821	-100.509754419
-99.9452781979	-98.5123631264	-100.721330467
-101.052250545	-101.23898008	-99.155418613
-98.722734876	-96.6786879615	-98.9788905905
-98.2396254285	-96.8191863469	-101.735450786
-104.711362836	-99.786541089	-100.908628183
-98.9482237865	-101.865101035	-99.9562342528
-99.7352826548	-98.2425697993	-99.9953920557
-102.253803268	-102.386006146	-97.5785915134
-101.991094148	-99.6613280642	-98.7944371435
-102.302141433	-99.5806063303	-98.177420956
-99.4542058098	-97.0251018853	-101.46382223
-100.748422098	-95.5952002832	-100.555270456
-102.200179378	-98.9014965229	-100.316607365
-101.815917033	-101.050635252	-99.3283979086
-99.186523745	-99.8676809224	-98.0666012669
-99.5167360201	-101.699446214	-99.4391556117
-98.8727237529	-101.764303712	-100.291796781
-101.433265915	-98.1841971352	-98.7933743901
-100.633969661	-102.039945897	-98.6747426061
-99.9670248385	-97.0295991257	-99.3646980868
-102.088376246	-103.193833503	-100.054556358
-100.267549874	-100.89440551	-99.8743079883
-100.954368299	-96.1604141647	-98.9768127441
-98.352093791	-96.5290380324	-100.12822847
-98.6230980908	-102.081944435	-100.379189686
-99.2733699709	-99.8997187516	-99.9569696423
-100.757626501	-103.355082976	-101.787258778
-98.5584720253	-98.8361757341	-98.4840730432
-105.45698166	-98.3176361937	-100.277063083
-98.7806511715	-101.523336451	-101.359829769
-99.1276670503	-101.669096316	-100.736543518
-101.703011554	-98.0335544003	-100.321163249
-99.0735128632	-104.820711341	-102.438551106
-99.8589523665	-100.471899887	-97.9443988903
-97.9766429441	-98.9060469285	-99.6859481144
-102.184214917	-101.551667847	-101.104201093
-99.5905105541	-102.555428524	-100.036526846
-99.5506653273	-101.105058534	-98.4604495291
-99.5827438171	-99.9921809444	-100.828836214
-97.299129744	-97.8973743621	-97.0719936778
-100.571633176	-98.6333924872	-99.3928623762
-100.596517859	-102.423908691	-100.667504379
-100.079528525	-102.226860076	-102.039931869
-99.2227951111	-105.063066339	-102.289434903
-99.5199588337	-99.1838210562	-100.755027546
-97.8575645858	-99.6590336814	-100.97690128
-97.4840252182	-102.599958679	-100.390379282
-102.030893475	-103.379683717	-99.5798588915
-101.31174805	-100.375937608	-99.9239735283
-98.2169145511	-96.6427781381	-100.589720894
-100.195537742	-105.4429854	-99.2572580458
-100.607921638	-102.441896221	-99.7006409832
-98.0552744203	-99.1746966458	-99.0414561405
-98.7686306317	-102.90938941	-99.4216177869
-100.703731624	-96.4085805213	-100.686285741
-100.080332815	-99.5079546892	-99.7396814015
-101.605679554	-98.1403152946	-99.5465633592
-100.099558803	-101.733974506	-99.9130567183
-99.9744487419	-99.7799150866	-99.0170146338
-100.255091316	-101.680511319	-99.0912523361
-102.09826383	-101.590407735	-98.4604922721
-99.223726636	-98.7954308787	-99.9340825024
-100.188184323	-103.305529661	-100.427232139
-101.757442077	-100.696271867	-99.5509986235
-99.3275902993	-98.30787619	-100.625762944
-103.490992139	-101.687115418	-100.379990612
-102.87139014	-100.805808807	-99.8136230828
-100.142726607	-95.0772486167	-100.630434953
-100.015829516	-99.7010879169	-100.932384402
-96.4144296783	-97.8866090653	-102.447100316
-100.861673597	-99.105794731	-99.220201131
-99.2042464638	-96.2353645209	-99.1927811228
-97.3074606236	-102.272494825	-99.5212500507
-100.052230319	-96.6573356274	-98.4405392357
-101.125306838	-97.1642060313	-99.5995838502
-101.426330241	-101.318142215	-100.144364673
-99.4564661293	-101.423913608	-98.0695097039
-100.8389382	-97.1768561768	-99.9362565405
-102.021974718	-98.985164041	-99.4849811201
-101.085856077	-99.8246276378	-98.138034798
-101.288435823	-98.702741442	-100.071831647
-101.349701401	-104.984652631	-100.583136391
-101.421435482	-95.4295965905	-98.585502453
-97.4701221098	-99.5746748693	-99.1023572942
-99.3311613165	-99.4609094537	-99.8534890826
-99.7728243477	-101.669713134	-100.004385524
-100.946620158	-103.88528998	-97.9789984889
-99.8604474729	-101.577251177	-102.124477071
-100.501593855	-99.8249023133	-101.894143039
-98.6746328768	-96.7702501003	-99.8328775822
-102.021722858	-100.106340837	-99.4342674422
-98.4052423221	-101.317596796	-101.557344237
-101.707340471	-97.7256241822	-99.2732010654
-101.041880949	-99.6058571936	-98.7311486228
-100.726221644	-101.891688789	-99.4824057393
-101.679163657	-99.3799583113	-99.5966822728
-99.1326245036	-100.764935022	-98.8347362031
-98.2366897232	-101.361477369	-98.9600242448
-99.3919992251	-96.6154153188	-101.127892771
-100.574363498	-103.192382585	-100.263709599
-100.79875062	-97.0022734617	-99.4786239609
-99.4904023929	-102.616889137	-99.4198831955
-100.910960746	-100.593314406	-99.5778989324
-97.6944092797	-101.004243241	-100.285038238
-100.493874431	-99.82011886	-100.836177859
-97.5204383892	-102.02527522	-100.582896155
-100.376773076	-100.185341217	-100.12217994
-100.123786874	-96.4270777398	-99.925987437
-100.035782516	-96.0270983689	-99.7064836933
-99.2980225378	-99.4442560887	-100.200202131
-98.3344650409	-102.471003075	-100.696544469
-100.4037684	-102.32833699	-99.0009359564
-99.4529045879	-102.230338945	-99.7441574896
-100.843061115	-100.059487372	-99.3464176592
-102.316362177	-97.7623580042	-100.2630726
-97.4428594638	-102.387276593	-98.9903435465
-101.099946535	-100.021254835	-98.0524508234
-99.2403090239	-103.526506906	-100.713948486
-100.639539283	-99.328701675	-100.41897009
-101.846532358	-96.9952242748	-100.131018038
-98.0073931954	-101.164826784	-97.8441789105
-99.9231096592	-105.178573647	-99.3547126283
-100.330174374	-104.740669918	-100.674215001
-99.8014404394	-97.6781770483	-99.7049558053
-100.610188508	-105.642718422	-100.417552926
-100.01916578	-104.117793177	-99.4460718429
-98.8587955231	-102.234547526	-101.896168743
-101.101757778	-96.5246822529	-99.376490346
-97.655286467	-97.3629573784	-100.888260941
-101.349159855	-98.6075036097	-99.468126944
-102.02296923	-100.55078535	-101.062013735
-100.126536822	-100.646927008	-100.717860336
-99.6840521686	-96.1031157319	-99.207107367
-99.9840522854	-95.4802781285	-100.226506297
-99.7931304396	-99.5848111954	-101.746828496
-103.909560574	-103.106957003	-100.246494433
-98.442141692	-100.393011108	-98.2800783058
-101.974101123	-96.1519870248	-100.021838302
-98.4340967914	-99.2656483049	-99.7976676836
-99.5417108328	-98.4427244342	-98.9872525931
-100.102582339	-98.0748460445	-100.203266208
-97.8982455218	-98.6654754776	-100.817506823
-97.9027125768	-98.8340848395	-101.365249701
-98.8086241674	-97.2763662565	-99.7233675153
-99.4884972014	-100.370514724	-98.5794804694
