0.471435163732	-1.19097569471	1.43270696843
-0.312651896092	-0.720588733365	0.887162940308
0.859588413717	-0.636523504417	0.0156963721144
-2.24268495419	1.15003572472	0.991946022343
0.953324128112	-2.02125482019	-0.334077365808
0.00211836468349	0.40545341157	0.28909194098
1.32115819213	-1.54690555323	-0.202646324629
-0.655969344139	0.19342137647	0.553438910957
1.31815155418	-0.469305284706	0.675554085122
-1.81702722659	-0.183108540179	1.05896918757
-0.3978402282	0.337437653614	1.04757857289
1.04593825563	0.863717291685	-0.122091574848
0.124712953768	-0.322794805608	0.841674712996
2.39096051546	0.0761995878372	-0.566445930465
0.0361419366841	-2.07497760069	0.247792199749
-0.89715678444	-0.136794833261	0.0182891913492
0.755413982398	0.215268580969	0.841008794931
-1.44581007704	-1.4019732815	-0.100918199949
-0.548242449187	-0.144619508369	0.354020332199
-0.0355130252781	0.565738306063	1.54565880463
-0.974236333767	-0.0703448771041	0.307968855216
-0.208498763106	1.03380073256	-2.40045363381
2.03060362084	-1.14263128902	0.211883386778
0.704720624317	-0.785435211763	0.462059737162
0.704228225462	0.523507967894	-0.92625431353
2.00784295078	0.226962541871	-1.15265910925
0.631979445809	0.0395126866934	0.464392325051
-3.56351666062	1.32110561547	0.152630552205
0.164529542932	-0.430095690876	0.767368735752
0.98491984191	0.270835848827	1.39198619345
0.0798423130086	-0.399964580697	-1.02785055868
-0.584718211261	0.816593926548	-0.0819470518267
-0.344766014255	0.528288145297	-1.06898878348
-0.511881309127	0.291205359743	0.566533696354
0.503591759111	0.285295684782	0.48428811275
1.36348151243	-0.781105283625	-0.468017666337
1.22457435513	-1.28110827514	0.875475504274
-1.71071532403	-0.450765103136	0.749163805919
-0.203932866101	-0.182175411666	0.680656004381
-1.81849899039	0.0470716353257	0.394844209327
-0.248432054381	-0.617706647997	-0.682883996449
0.436257604341	-1.70301277411	0.393710599139
-0.479324003575	-0.299016292966	0.694103287679
0.67862967371	0.239555995004	0.151226629294
0.81612723336	1.8935344676	0.639632763194
-0.962028831905	-2.08526564212	1.93024676747
-1.73534887447	1.2103837049	0.797435419428
-0.379810784047	0.702562224002	-0.850346271655
1.1768124501	-0.524336102632	0.700907730916
0.984188070722	-0.121728408667	2.36576862884
0.496142926248	0.796594866665	-0.474020890126
-0.0566957164909	1.35779725811	-0.804833724167
-2.12362024909	-0.333502440433	-0.886719352485
0.334197930899	0.536783824903	-0.743830367936
-0.320203882241	-0.916198861267	-0.859668299982
0.225985486734	0.628775826538	0.186494348773
0.952478345109	0.988137582593	-0.0726083139627
-0.550602923563	-0.938152614093	-1.23907156259
0.139683274031	-0.223018981882	2.12369188859
0.122273434259	-1.40943173992	1.42298595277
-2.14785503764	-1.34753251346	0.363564556807
-0.0147521118046	1.27239507855	-1.44956660886
-1.19552374167	-0.591862973147	-0.414504843532
-1.42579473344	0.209394787536	-0.592886003839
-1.47311641347	-0.896580615302	1.10435156986
-0.431549515516	-0.161136908244	0.889157494073
0.288376847715	-1.05153893757	-0.31956139984
-0.619993087721	0.156998376447	-0.57145535108
1.0576331832	-0.791488809478	-0.524627345928
0.0718780393704	1.91075942728	0.787964683138
0.513082144467	-0.546416280274	1.0439446555
2.10778515279	1.45992748159	1.01540545781
0.749184600924	-0.675521478437	0.440266391669
0.688971856327	-0.276646127277	1.92453332002
0.411204020707	0.890764956173	0.226363227252
-2.0786178937	-0.387886231967	-0.087106969964
1.12638582214	0.247111716158	0.121171805332
0.298983935542	-0.157099136847	-0.740469022781
-1.24765292305	0.249455215152	0.581073320621
2.76384407985	0.39932543698	0.668488169206
-0.275773728656	0.500482900154	0.863064860591
-1.05162785947	-1.39205407749	1.15392224061
1.181944106	0.391371448422	-0.881047092202
0.295079959786	1.86380106213	-1.71227392447
-1.40708454574	0.126781186327	0.0037598477955
-1.26899425607	-0.83884292142	0.55392125144
-0.504042718082	-0.788440184518	1.52940067448
0.205454853926	0.313013128981	0.866520712168
0.299070529594	1.07654064385	0.363177347544
1.89367982555	-0.485752744283	0.387674455778
0.0235576103926	-0.660229502044	-0.318684929578
-0.722662193674	0.177386719385	0.983512729343
0.0235045858854	0.553776977863	0.353769293997
-0.275593633768	-0.490483591479	-0.374436600193
-2.39750397614	1.54102998328	0.0630845389573
-0.284440683926	-1.2656005376	1.78797963246
-0.354508708069	-0.104761123067	0.386253689189
0.822775373765	-0.683789822431	1.05720333121
0.031879973569	1.34318245753	-0.0505396895488
-0.364009956307	-1.55334233943	-0.31929780182
0.527046450955	0.711112399365	-0.21754548049
2.6377912107	-1.74213763059	-0.0944348077414
1.43118375225	0.592758446551	0.170296895326
-1.75170594779	0.288581322343	-0.542579516907
0.171602381986	0.982817829243	-0.0253489020628
-0.287552449284	0.924442867343	-0.0612462998663
-0.731033342585	-1.0227737047	0.995992970246
0.955557932627	0.713840771195	0.133370962194
-0.807038308473	-0.342010781879	1.90877965809
0.155923261453	0.759652532093	-0.423006228419
0.181672745324	0.274492570746	0.0679123573808
-0.0369828148759	-0.170801030698	0.26697323154
1.38299724885	-0.0224608735114	0.131395367226
0.434437185102	0.264534068317	0.565658344274
0.585084279502	-0.174298152752	-1.07136867146
-0.0484605025524	-0.845290389566	0.415100558382
0.425530591398	-0.980724357501	-0.427826109972
1.49856995514	-0.360156570869	-0.458240389337
-1.33796840195	-0.0413865396149	0.821047956108
2.09780078077	1.28293324687	0.270337925739
1.00314036204	1.07867355132	0.34075268513
-0.198074959624	2.48145842288	1.38525487619
-1.15460096539	-1.26806905038	0.607862186209
-1.08009648316	-0.611281674796	0.102035112292
-1.43657393677	0.210717052506	-0.896904170698
-1.72439307899	1.79233919665	-1.31271270659
0.555877426386	-0.681881305491	1.57274274576
-0.104651574848	1.85039780161	-0.333350426749
0.19346423382	-0.496744937865	1.03272321574
-1.73980379752	-0.755862175623	-0.881111732648
0.393892262913	-0.950025534796	0.332506622162
0.528944408856	-1.12052099399	0.0482642069257
0.0619884505218	-1.02751567322	-0.238335365467
1.93217816958	-0.226632293677	-0.923830720177
0.355838997473	-1.27006347839	-0.195472412697
-0.463419399217	0.989414847286	1.38864738163
1.08771373652	0.438801263034	-0.961602240881
1.24560993715	0.502925517671	-0.631398778379
-0.704252047088	-0.240482536758	0.58559931093
0.352800560108	-1.81555769243	-0.910123845695
-0.748527953339	-0.10812492648	0.274778837052
0.237349764509	-0.259843694363	-0.312442177156
0.448509742512	-0.0595319647044	-0.470014813398
0.349566771628	-1.02746884717	-0.30663848387
1.40617613949	-1.24969677279	-1.56014888889
1.55739765065	-0.593356394976	-0.17028851233
1.67262680845	-0.54079980765	-0.684128328767
0.599962085982	-0.217199125145	0.331526518352
-0.383364580151	-0.781816088073	0.266237406828
0.279428024533	-1.21962569517	-0.723948916756
-1.73477830754	0.271660784374	0.0991120169491
-0.363089906437	-0.588226728289	0.0259417135241
-0.572302350745	1.1055869628	-1.20801559283
-1.33970103997	2.07518540673	-1.48940970133
-1.15095306563	0.419059824674	0.413405276424
0.717576932588	0.26172483968	-0.2427712711
-0.501268132752	-0.698128978969	1.38458016084
-0.286425413936	0.500069585028	1.95110323654
-0.278367461593	0.0367862586307	0.445852506261
-1.41035075768	0.450001300695	0.515479530794
-1.15408394038	-1.38017339507	-0.495833005213
-0.413279072419	-1.71931666793	-0.0295609027531
-0.766039883523	0.0998820765026	-0.71302395663
-2.22611762098	0.725714153122	0.916976283069
-0.563890240411	-1.52217955682	-0.0142787886276
-0.246720806819	-0.165329476517	0.119113982598
-2.07498048617	-1.00275521702	0.523546018064
0.821517308999	-0.148741849333	-0.0453704119593
-0.70449292553	1.73031551951	0.228927255504
1.09274105729	-0.353571526661	-0.0306588649368
-0.200171850621	-0.481310239357	1.71142599701
1.43538708625	-1.16752033324	0.040843424766
0.36201819567	0.572592191043	1.10446023673
-0.425672026521	0.755688842849	0.0102814571553
0.224585770765	-1.13470822657	-0.951520941232
-0.127130456076	0.0289444984011	2.10407736663
1.56751414346	-0.624229632791	-0.40064420206
-1.13706153821	-0.903159036997	-1.09727806242
-0.0713092096311	-1.31933908665	-0.560092945877
0.164954557033	-0.631585787924	-0.867069779563
-1.00256267071	1.20734820325	1.71198701299
-0.624589479302	-0.212145803986	-1.19356418227
0.657585892433	0.200079881552	1.09125985922
-0.489022058274	1.36822026223	0.891625117527
0.83756621245	0.514144713389	-0.0500496924098
0.743952846165	-1.72405020354	0.0899015732727
0.322739561885	-0.377149425612	-0.000220898301599
1.05011369378	-0.168699112218	0.797876496421
0.552524313158	-1.1530932618	1.64155218903
-1.43897783447	2.02773951382	-1.36531732117
0.0721488623923	0.613151678425	1.48916642629
0.221296575035	-1.53089210839	0.801888214216
-0.424466712863	1.11885497214	1.56954806458
1.42773177107	-1.37183787312	-0.266417892642
0.779214565214	-0.102814294685	-0.586464621758
0.240252654595	-0.998055658772	0.191169912823
-0.952803021581	1.47099657951	0.718904921543
-0.166559577277	0.764611296688	-1.18944347085
-0.53485726372	-0.0215978466467	-1.10519159148
-1.05594633852	1.02135565899	1.70965609498
0.0295619519376	0.123842016438	0.289430056703
-0.301492243947	0.41443501128	0.949857901138
0.52184854211	-1.96926287405	0.502810027758
-0.354422439334	-0.446990481811	-1.11697838594
-0.788266382581	1.05575216397	-1.3045412109
0.539735237343	0.346991250373	0.874192893331
-1.57517936262	-0.159983656175	-0.643333236167
-0.715370886631	1.69945893062	1.28283722469
-0.452557666318	0.393800127116	0.425740610586
-0.130047432192	-0.393733166182	-0.641059774108
0.171964254715	-0.840149019293	0.864998308525
-0.204861332081	-0.107073334333	-0.242106685065
-0.902482774937	0.79787088632	-0.289095787657
0.676977612666	-0.343184033931	0.487210134608
0.765665358163	-2.20056443574	-2.59606239678
0.475674838117	-1.59488564523	-1.11007673167
-0.998406495518	-2.27580660255	1.55280720787
-1.14929876867	0.188530628598	0.988963783087
-1.58613630329	-0.472380875544	-0.188846347876
0.211127080328	1.61172229246	0.566730441813
-0.641177253465	1.53877394116	0.309663985895
-0.448848680352	1.76910057031	0.268200487964
-1.46222506193	1.85081016897	1.70076950567
0.353391055948	0.336489021102	1.05710543444
1.19867872247	-2.59465426966	-0.714745374157
0.804346041639	1.19165534587	-0.127365384116
-1.07497526599	1.44826912518	-0.278354279716
-1.03681866394	0.201451466382	0.501755798991
1.61333492201	-1.89771062825	1.29908257378
0.553184425972	-0.200362296007	0.545669995093
0.262286618973	0.21907020968	0.932352932268
1.74305242788	-0.12470367977	0.954031667135
0.712050949225	-0.579336657216	-0.761819455516
1.66150212874	2.54769170246	-0.0389123240291
-0.356409207238	-1.86256865343	2.65199911813
-0.136230370356	0.103749339971	0.115432225685
0.258670464456	1.48774333196	1.45434347639
0.704308298168	1.46635137586	0.353622182537
-1.08552346357	0.363209761003	-1.81327713241
-0.197910759716	0.432874592049	-0.540565787708
0.295630654981	2.07984423683	-1.84243291996
-0.511166016621	-0.580935128395	1.06273646667
0.0180551096563	0.0227983996894	-1.67979148491
0.812423000683	-0.625888706466	-1.25027081847
0.615135458354	-0.121394611014	-1.28089527134
0.324609805925	0.670569390617	0.149161323143
0.327063803883	-0.352961690142	-0.905527640444
1.67618542558	0.680996007727	-0.703717610593
0.10207974871	1.19505613968	-0.277959385782
-0.0521652916298	0.35368360125	-0.408310762111
-1.8104296678	-0.90330806228	1.05404509119
-0.980876876729	0.352078891404	0.665981840311
1.06550150195	-0.228433613103	0.364483904246
-1.51484665722	-0.0752612872372	-0.297058081757
-0.727414381773	-0.245875340386	-0.12794894212
-0.369310619909	-2.62300428448	2.11585072892
0.685561585479	-0.157443984712	1.38128776741
0.0684265587419	0.312536292483	0.45425318515
-0.788471875302	-0.0658403343112	-1.41847984611
-0.139753340211	-0.555354856213	-0.501917778852
0.693118521504	-0.24536049685	-1.26943185909
-0.262323855184	2.3375984822	-0.781717437676
0.0800997455383	-1.33941112077	0.413450963825
0.204451967349	0.47845329453	0.0295809709752
-0.182441984399	0.0174666751348	2.05428953
-2.53188331339	0.423814684038	-0.955683515591
-0.133674210322	-1.07740332471	1.24990251069
0.571148753463	0.297048429157	0.871865217502
-0.163711196574	0.689523198788	1.98458990319
-0.118281885094	0.955129918923	-1.1805528862
1.4704739393	-0.021557883623	0.710861471069
-0.811835052075	-2.25121306529	-1.12610018599
-0.307866745917	-0.96188453564	0.670825959319
0.0633834265916	-0.656795880464	-0.288363182453
-0.219793495745	0.200247960807	-0.845500241031
2.64292268471	-0.333744770664	-0.145508360173
0.893368707682	1.28855473845	0.331198188011
-0.0753678981063	-0.0611476555229	1.85605686645
-0.753041282456	-0.340225869765	-0.550996039306
-0.604037326252	2.1225899596	0.0203055207309
-0.866260054447	-0.355888386323	-0.954342310769
1.5914641141	0.00058733803662	-0.464031731818
-1.52371078631	0.154870365348	-0.840649343981
0.010685782511	-0.543740390456	0.675455343663
-0.973342213231	0.818348102346	-0.116017285454
-0.690858214358	1.0389554757	0.981271848029
0.616620803564	-0.787487032335	0.0208567367545
0.599339905036	-0.378195262673	-0.0554687668794
1.98348805449	0.0778880280279	0.404584414449
-0.849009509907	-0.0780897990874	-0.52731224062
-0.242687933636	1.10694984601	-0.0355299150718
-0.959914983712	-0.628950974803	0.268514822705
0.488360812856	0.586838602115	-0.175392741091
-0.433426256842	0.0436720114073	-2.36889293128
-1.59272113547	-2.44167074024	-0.26273382827
-0.822618318711	-0.0422683383318	-0.391270200837
0.230580499913	0.328563893289	0.838048583953
-0.907881612761	-0.0417455132606	-1.99433564341
0.108164255819	-0.589285689006	-0.984980233624
-1.03617739971	2.03968603716	-0.65875708394
-0.60798356117	0.866452901846	-0.741469489428
-1.4705614732	0.708474121054	-0.128512397421
-0.160639829522	1.07717020933	-0.613397402155
-0.711763631312	0.0654385393353	-0.421470833311
-0.341216883674	1.31203650675	-1.82293248783
0.215375926562	-0.670713328316	0.259717473679
0.469549426861	0.492233109847	0.512170527684
-1.14202025634	-0.114893864244	1.26597491797
-0.92923002518	0.19091532051	1.00155562925
-0.0974214903977	-2.11959698232	-2.19692173999
1.12226786606	2.01184201915	0.302010747034
-0.489661640242	-0.513549094766	-1.07392105992
2.20351455629	-0.298828457318	1.34609832568
0.626820481068	-0.0658107546363	-1.8438652087
0.109972542696	2.00656112698	-0.757850599504
1.01599784012	-1.59249315299	0.292366538153
1.3370321441	-0.243253923794	-0.231023566378
-0.338929282242	0.318616015429	1.39703872914
-0.879813048713	0.111820477802	0.431568126474
1.61378509718	-0.297384571008	1.63896231452
0.134096592165	0.172037366358	-1.36501715428
-0.42126568274	0.880640148646	-1.47256655193
0.757709729181	-0.636605012756	-0.0158381606749
-0.387814740936	0.889663415455	1.13415716524
1.73163019506	-0.705519844896	-1.28581043359
-0.638210057553	0.700784795726	0.881140523032
-0.653203809989	-1.31996590252	-0.818712604447
0.162702211196	0.669759991221	-0.574080418765
0.743687119793	0.616712619671	0.971866834041
-0.711903517292	-0.735692785149	-0.963463782771
0.459137703226	0.656238206305	0.751503476903
-1.87218361127	-0.556280061219	0.272163965738
0.931545752773	0.327532331182	0.740813800502
-0.80190504776	-1.58220799843	-1.62019021484
0.0465618905928	-1.6798288589	1.39589232701
-0.844971421802	0.81400693605	-0.0497423058682
0.534246754251	-0.807009129593	0.84164074433
-0.558172618468	-0.629157452422	1.17766712639
-0.845080733797	-0.281438907983	1.71995705296
-1.07749955012	-1.37828168599	-0.295144413825
1.62885581806	-0.377437544598	0.0267579251715
-0.922238253925	-1.41675744672	0.863528007472
-0.204405778089	-2.10984002565	-0.526083980791
0.0523759310002	-1.74419350949	0.055219018176
0.433473393389	-0.0500591897138	-0.650512459131
0.897314026922	-1.37126071396	0.252958495883
-0.488011523042	0.637370131769	-1.88950436447
-1.72185139781	-0.490244043799	0.876230663154
-0.498606566544	0.683602822597	0.36772439563
1.07229876448	0.0365800420732	0.160224264392
1.30548731372	1.28210328978	-1.32442471864
0.220522497987	0.164557162856	1.65946683502
-0.972849144274	-0.748904698643	0.764809140367
0.00662043530401	0.191700301049	0.0290165532234
-1.88922276984	-1.58617475024	0.758249655015
0.238022728474	0.0878328991684	-0.750327199822
0.480103363527	-0.758712907522	-0.349641019784
0.0271348753325	-0.607365111987	0.0474794480277
0.226537386651	-0.228525430732	-0.639325505245
0.969798160784	-1.08844207367	-2.17891956229
0.0537766881317	-0.219337538687	-0.606367328445
0.694705342117	-0.169426616321	-2.53085797738
-2.09698627672	0.0236900973564	0.282683786136
-0.792152562677	-0.364954978508	-0.417284575186
-0.325206442089	0.315358923484	0.02199464664
1.10816006736	0.342969380307	-0.243875977728
1.84151047047	-0.458281234745	1.57139598416
-1.40590707239	0.00726464309168	1.83001221622
0.647854153575	0.506592904595	1.63065887066
2.22900527074	-0.366560432166	0.0679105861898
-0.285662110133	0.249971236085	-0.404287965545
-0.99660182971	-0.810398823763	-0.710414102836
-0.852558638017	2.71036206174	0.0309509795093
-0.905730754951	-0.0920297049755	-1.41140558346
-0.279287275307	0.858850428599	0.989419089055
-0.219545406025	0.288989387581	1.56633341393
2.44455979426	-1.28691817348	1.17850506173
-0.360297942555	1.87241952601	-0.431473739829
1.40184219873	1.24084497533	1.06911115021
-1.0900757136	0.0514778606955	-0.890589657227
0.999591914995	0.778718766489	-1.24002705708
-0.776509026076	-0.906737577538	0.432326650627
-0.41759737517	-0.0254237136055	-0.73770105256
0.650904459533	0.45834162069	0.567961903909
-1.11065283042	-0.434244496651	0.835327139569
-1.90852308422	0.447473723716	-0.556700982568
0.295617755334	-1.98954322121	0.879533504891
0.299068737835	-0.129031865849	0.0381541792298
0.685448077498	0.347828386811	-0.834123302145
0.885074646483	-1.0680976833	0.0215276795599
1.57166099717	0.883955574141	-0.168095257755
-0.73992118628	1.39376317632	0.0612165203677
-0.0638430834224	-0.932101860117	1.2921182237
2.41814057918	0.344857905738	-1.25467383043
2.38891393456	0.668624308886	0.232797774758
-0.463504340903	-0.185966370813	-0.235830640191
-0.235630129296	1.49153328267	-0.996172406781
-1.43903142045	-0.670318111377	0.552334569862
0.0026980464038	-1.13533986885	0.0605213416158
-2.12044163316	-2.19229357649	-0.111601237699
-0.4786735492	-0.418925362228	-1.78277569358
2.02099422535	0.652378086758	-0.857889978263
1.87458562577	1.59294628684	2.2959638054
-1.21013197616	1.45801065767	-0.160698663199
0.201093129627	0.386176752114	0.381829502692
-0.651919117154	-1.48766060792	1.51671832691
-0.229118606101	0.16392040537	1.49652936143
-0.599250482349	-0.760169311372	-0.0702570701607
-0.144262745542	0.193097887661	-0.00366583331129
0.764705484405	-1.02855114011	-0.424596743685
0.762920680729	0.515120380754	2.57790012242
-1.0635494652	0.183711618934	-0.300227101991
-0.853168935679	1.12043809655	0.120311783515
1.20258796454	-0.409908903677	0.434198425342
0.597370918259	-1.61140166789	-0.405749904847
0.385086361628	-2.01965214666	-0.912296876142
-1.31921545757	0.0505707519956	2.52552921251
0.578072622245	-1.12660815188	-0.175027031166
-0.0894860872661	0.501965318365	0.357786959003
-0.876677160675	-1.52006219985	0.544810888782
0.892558862219	-0.621493120475	-0.0787592595371
-0.157580923779	0.189872622131	0.819101941105
-0.673654915884	1.18181848407	-1.51121880941
-1.43784807432	1.70741375279	-0.610976986952
-0.691628467247	-0.549126757523	0.706600940039
-0.892844663665	1.20913580849	0.53978547652
-0.474490354088	0.381864843825	-0.211003347812
-0.357837032894	0.960105821335	1.92987541404
-0.117283067082	-1.04392713879	2.30486475344
0.740140758699	-0.281170802322	1.09737756914
0.875088211476	-0.819489954928	0.629798277696
0.638098583482	-0.127628766756	0.572691024995
0.341205558318	2.10578372634	-1.77087195815
-1.56771673598	1.04069895277	-0.389568205679
2.47868071511	-0.851745409426	0.17509136091
-1.24113796673	0.614357568402	3.12563514896
0.65436990027	2.09534452772	1.04771145494
-0.660730816089	-1.9789954873	1.51025500114
0.571909712162	-0.23394404102	-1.38385965884
0.739447974869	1.40897202638	2.11833346035
0.580306712268	-1.10704221443	-0.163765539679
0.50674329023	-0.0285892996002	-0.505628136855
-0.00131338890047	-0.761382440732	-0.487814572537
0.221123867269	-0.0152861261149	-1.56901363296
-0.368085147937	3.10963535041	-0.623207379107
0.977718431508	0.15330679325	-0.981625253555
-0.360101046864	1.49516713333	0.181708948309
-0.767548941837	-0.340857614075	0.372409497295
0.305921947442	1.43955459891	0.286016943343
2.10388290163	-0.653629731988	0.778352820273
-0.682831318991	0.0469099067555	-0.744100213619
0.310739554595	-0.282490163503	1.58726923411
-1.0138017874	1.37365365837	0.657977947747
0.555733788545	-0.430310093877	0.0933201711085
-0.28994470377	-0.58653824836	0.123767540284
-0.654316899223	0.937787156428	0.839240753201
-0.667331282281	0.34191368771	-0.997639610912
-0.893558546213	2.36469754935	-1.86142401434
-0.635971178461	-0.692305234208	-0.185258577046
-1.89742074789	0.580717157465	0.0269151694059
0.716507912035	0.615566323142	-1.09043318023
-1.50828925969	1.13337909805	1.02293419055
-0.321352769956	-0.538458715185	-0.0838229567611
-0.397472060766	-0.319290593568	0.948534248667
-0.539698039709	-0.2963362837	-0.0719665766901
1.39905132396	0.718805761142	-0.863671132052
-0.0467194136155	-0.750834903456	-0.63515496616
-0.681020157224	-1.50158575074	-0.368925109518
-0.35299935327	0.127384393201	0.517531329414
0.747836840307	-0.809377556985	-0.632685921428
-0.446654829578	-0.686920201687	0.20931008385
0.480308220442	0.138517203901	-0.790100137741
-0.385850351971	0.557666164048	0.343347406515
0.0673438695678	-0.615805177897	-0.910603197568
2.17104306921	-0.0505546286578	1.55235219818
0.796155790782	-0.545169468001	-1.87070312529
-0.562365417718	-1.78359479932	0.0706343836685
-0.474537110525	0.252305876552	-1.11092490578
-0.0898044555608	-0.836549325796	-0.414407062372
0.853309240452	0.614226611746	-0.238566760466
-1.05528790365	0.433435472744	1.7641194697
1.19764613401	-0.948868297022	-0.468651691379
-1.26019133044	1.58028517993	-0.555692643833
0.649815333395	0.837968262299	1.83000911381
0.269306377754	-1.84875643956	-0.749805003479
-0.267733004321	0.631269989873	-0.0871429276335
-0.0692490184219	-0.167822812267	0.649498689031
0.620435475552	0.144408464022	1.16004552213
-1.05437220212	0.264777933696	-0.674614959798
1.32087277298	-0.959905458342	-0.807430538128
-0.328222601397	0.917087609186	-0.316768345057
0.922813208104	-0.892976810759	1.93504393731
0.919861326592	1.06622767124	-1.94102835547
-1.40802601517	1.67250637968	1.13577561019
0.34432349941	-0.647094150571	-1.02792587176
-1.87078442559	0.661100443416	-1.80463306757
1.16553583799	0.663857961555	0.156077531779
0.413613565817	1.2111162881	-0.176121331085
0.94243780403	0.633435836125	-0.113880299755
0.457996641498	-0.615560616389	0.385285536403
0.291495429502	-0.224159016317	1.08927012218
1.01138761057	1.12464553847	-1.87084409474
0.175738818909	-0.776586355625	-0.303864902836
-1.24040248254	-0.507572284709	-0.354477229468
-1.04601047296	0.393672766101	-0.345648056779
1.31316962051	1.60831881519	-0.219209237668
-0.348480968325	0.30135044383	-0.225297385638
-0.662434351539	0.911714492071	1.19082431758
-0.109699458377	-0.358337690339	0.570309900505
0.391685670724	0.410169450808	0.707859438985
-1.10079698007	1.56485034794	0.562242899564
-0.737363333384	-0.5890225123	0.457947161987
0.00527182744965	-0.120979949255	-0.353354576825
1.55304421011	0.0751312455292	0.995822875217
-0.12294749469	1.0002189667	-0.410987478018
0.172255733357	0.844083795093	1.17634658179
0.53846433824	0.47196536407	0.012564319403
0.0926333447557	-0.495587461202	-0.968651396592
0.296983058036	-0.00168009982675	1.02970572299
2.08925351782	-0.190857910054	-1.58465874836
2.51121481356	-1.23923357626	-1.22366833229
-0.335228648183	0.459929539685	-0.640553525708
1.76256840763	-0.0856730164742	1.63617832762
-0.54410826996	-1.04999868486	0.254616680711
-1.75012274062	0.551342154806	1.4128619856
1.32171738792	-2.14445153585	1.0237224503
0.823923184677	-0.634992945806	-2.21838061289
-0.967505750243	0.604764754291	1.92967131863
-0.823641385174	0.312028563456	-0.785074284809
0.740088861472	-0.436340105334	-1.38522247151
-0.0549519281478	-0.758839123762	-0.663357441666
-0.231392060492	0.31314999845	0.410588091778
0.963177885439	1.21478437983	-1.30108175817
1.59700059407	-0.736723893803	0.70591798642
-1.03163886871	1.09134695252	0.495569513582
1.32648036254	0.841150059783	0.0924088806686
1.08994074821	2.06962332146	0.958187979188
-0.492901667254	-0.82001961161	-0.985804304495
-1.60528151955	1.48794260647	0.908156804756
-2.42400345159	0.33412598702	0.475219569597
0.205720462432	0.212830139678	1.96802287838
2.07134039942	-1.15540827957	-0.862113890701
-0.821481974977	-0.667993638277	-0.36817461916
0.0201185082375	-0.82320829842	-0.165480605345
0.720865826209	1.29591893485	-0.527766690285
-0.463392990655	-0.150792240559	-1.13934116713
-0.954387139301	0.0518365977857	-0.147048113224
-0.383977926852	1.20902522569	0.21392303342
-0.11397971146	0.944944931324	-0.183393305377
1.71432323736	0.024600167766	0.454132655692
0.27227768065	0.305823079803	-0.390413149569
0.424165444805	0.208512745093	0.429386155671
1.35769673844	-0.165611652161	-0.040906255714
1.83698174566	-2.08032226023	-0.038130076451
-0.665514592157	-0.205680070882	0.705880330853
-2.61279090413	-0.0252935023524	-0.178266198131
-0.0646375298238	-1.20495565144	-3.88089841134
0.974470379242	0.415160038211	1.75196730393
0.485011148673	-0.170893716353	0.748870067403
0.62979326606	0.811053061848	2.13377607626
0.238459188014	1.79887330068	-1.60464811339
0.118714856336	0.762238034196	1.83643073098
-0.558974439578	-0.183320958421	-0.98905043504
0.775032050485	-0.593328475524	1.20861872217
-1.58863905045	-1.23665961258	1.27380404856
0.0616405278956	0.388053272871	-1.86077121524
-0.781708448748	-0.368736940771	1.13767682055
-0.11732105669	0.774945086961	0.181106707625
-0.916110286009	0.3950830586	-0.182491503743
-0.790308308938	1.23106503403	-0.275745971636
0.0685523667345	0.9110619705	0.206704045148
-0.696493622033	-1.95448977219	-0.363380213674
-0.978326315056	0.877332064851	-0.412389977107
-2.13152194558	1.40368805692	-1.47942468195
-0.544142362913	-0.391886519625	-0.26875870647
1.03439953189	-0.716313954577	0.373861459621
-1.32521779272	1.27683257458	1.04106671331
0.119443721276	-0.0451086310223	0.338728732936
-0.214208408499	-0.724682333068	0.0316820524263
0.676814702209	0.448306177584	0.354227376241
1.79676197702	-0.684293658083	-0.808941308678
-0.623915975799	0.0840444687674	1.32801634761
-0.475252113142	-0.110295933559	0.365986701103
-0.702431602269	-1.20393584101	-1.07685270894
-0.907946579886	0.956433621362	-1.34501666213
-0.86060821169	-0.867225241275	0.323316003135
-0.821200049735	-2.12189168458	1.19978590674
-0.415934308074	0.248672450494	0.407734301997
1.15471693814	0.674282060832	-0.963631653389
0.698200207019	0.12844478591	-0.262788555903
0.271131562488	-0.240439188784	-1.46215809733
1.02204917505	0.749333837183	-1.08976042526
1.21039882034	1.73042507914	-0.984176225786
0.442601942993	-0.171777324978	0.952694961277
-0.0769225738859	0.798864436217	-0.894867522723
0.306629986118	-1.18645368548	-1.55533173651
-0.161533940701	1.81772660462	0.0233610516965
1.08301980802	-0.0457875822127	0.299750403487
0.666751613429	0.0328513520601	-2.33404674563
0.277205091729	-1.71209727723	2.18813931984
0.671666163765	0.14335455818	0.34578402565
0.994534254578	0.701667465808	0.62821787298
-0.050794944616	-0.165088047815	-0.188397875595
-0.0921027441933	-1.24418299957	0.487327374061
0.705927181512	0.889386441715	1.00756504552
-0.98754324275	-0.897432382857	0.370472793379
-0.178106948369	-0.397878838662	0.767444238734
1.67820966841	0.658500290214	0.382662726227
-1.09894281086	-1.10941971187	-1.39490571896
1.17861988782	-0.528802348322	0.68007610247
1.25240367546	0.67039412654	-1.53972095443
1.18874701091	-0.319816667167	-1.2572091349
0.405121281641	0.430917359129	1.24287816174
-0.755557277068	0.393632916684	-0.908652218662
1.49975822358	-0.362490749301	-0.621951311286
-1.11422961205	-1.86748002421	0.0588389421367
-0.635048295779	-0.274831925964	0.436673044388
-0.418646531712	0.0411542641671	-0.808762787025
-0.0440468918466	0.281432970961	-0.93968299275
1.98091049295	1.45253797317	0.269354112224
0.287560810683	-1.17154111628	-1.16046631893
0.236877695443	-0.755678771852	-0.628463760864
0.608778926647	-1.67008356544	1.45613924237
0.405231466381	1.73211318511	-0.936009737829
-0.383707237506	0.828951401417	-0.766314856679
2.03570306021	0.0444719232457	-0.652855064772
-0.679804530125	-0.872873431619	-0.649594148626
-1.07984290717	-0.10692426722	0.585986435905
2.21713846995	0.898644494708	2.55078410698
0.164857621974	0.19494569415	-0.803888030056
-0.364754442437	0.155144678744	-0.247857150935
-0.617684004499	0.711163475557	0.150263257701
-0.240827029105	-0.858987270699	0.765042456099
0.672174375681	0.0276938136161	-0.227798617005
-1.9200563489	-0.18553407247	-0.148849186474
1.2420059821	1.02957448707	0.396024061302
-0.886283148724	0.429236427109	0.69199342111
0.242694204787	1.52403280303	0.303921478803
-0.112048943028	-0.29683826991	0.148590042715
0.765040368903	0.779127872937	1.4702799518
0.173458072348	0.106671404726	-0.818363816904
0.671649409956	0.087342115553	0.876469435203
-0.266463529765	2.15344115318	1.24935234636
0.242006495673	-0.832729497597	2.45421874587
-1.29265880131	0.353056447891	-0.0978270208001
0.49112148233	-0.515285246106	1.03205838037
-0.304666836456	-1.23979726339	-0.435008892453
-0.572293559276	-0.347763180209	-0.646956629608
-1.06012869477	0.401198072307	-0.803533717957
-0.324648856821	0.700600185566	0.765489950254
-0.507772682655	-0.0244948572645	0.760747262382
1.38124064803	0.384539109194	-1.07434544384
0.300155253837	0.513261534088	-0.54238199165
0.0786240807024	-0.484999956437	-0.08645566565
1.31570977125	0.208127889653	-1.40185079816
-0.824468786293	0.20041714857	-0.128416783918
0.448427526746	1.21120793797	0.593436194758
0.64721455183	-1.08197921839	-0.0455191270134
0.311315566005	-0.854228153154	-2.56945833171
0.144741542618	-0.296135260064	-0.329167942024
1.10854916718	0.322386220812	-1.95597667618
0.371283600076	-0.703777414346	0.556621833291
1.95700358174	0.841029698061	0.562552292628
0.442317074442	-0.265071856945	1.22225224193
0.166502162295	-1.24342897336	0.34857941022
0.632578991869	2.01338179224	0.781462891656
2.14715176581	-0.908350530147	-1.18704115531
1.61708157272	-0.0426813009461	0.367983696062
1.80918504293	1.02006834931	1.58972105831
1.23811675697	-0.976524440897	-0.88775040043
-0.577326386268	0.802955267554	0.760487778355
-1.58565711431	-1.69141452148	1.05473701756
-0.501993132412	-0.294687443431	-0.501387549291
-0.632003248981	0.105937298431	0.580887126174
-0.0275686878283	-2.46770298356	-1.12616478426
-0.269188319087	-0.582966823735	0.312615801861
0.39469047894	0.3157261536	-0.919243222455
-2.24715576125	-0.293478870288	2.05368329466
0.529405026443	0.42865950867	-0.507449569929
0.530578570584	0.326187794724	-0.594896249626
0.426921999996	-0.0647989786054	-0.307341435725
1.01247277052	0.338268851327	0.746088733382
0.179772804664	-0.917373275825	0.256107529674
0.0847890060934	-0.384506140129	-1.29724227248
1.14849467057	-3.27730407524	-1.3639460678
1.564687191	-0.792816674445	0.345475917855
1.6682192723	0.67875108874	1.16422588819
-0.446764662846	0.598128457045	0.192059055886
-2.14692572954	-0.885227287044	-0.494391535222
-1.02498654963	-1.8928351704	-0.311389361229
-0.118667311668	0.83335450813	-0.928844753102
1.58125322574	-0.719876264053	0.671238035698
1.1212925489	1.17109720632	0.138431709731
1.0452124445	-0.343289228348	-0.841916635138
-0.609347229516	-0.159514404227	-0.646459442459
-0.227691299371	-0.42623832395	0.377650026242
0.141158013789	-0.0350936746935	-0.889643856225
-0.746764829862	0.612604489235	2.08031983559
1.49886517536	-0.193774868439	-1.35662255468
1.33205278731	-1.20621108023	-0.467412202588
1.15539218304	-1.48191763199	0.820604490031
0.0730512785738	0.313431002452	1.81892871532
-1.25396687399	1.55838463637	0.960891894791
-0.935690987759	-0.178707816892	-0.268766937256
0.302024573614	0.615806278931	-1.30089041725
0.0181042350849	0.164287976868	1.33305005545
2.60391837034	0.397013430394	-0.477669572686
-0.10341373708	0.230021427613	-0.867708908801
-0.124483609008	-0.761243110465	0.324422843753
0.340493422655	-1.13949856064	-0.362352865132
-0.612578107023	-0.0604876844412	1.0926378269
-2.04609263137	0.419031089169	1.09968555252
0.218657433203	-0.84823296383	-1.65661290921
-1.02461002209	1.33522640259	0.850657639711
1.29502760181	0.0502978956397	0.349546819224
0.0872745771299	0.818709777442	-0.474876166898
-0.568756245373	0.0586264187212	-0.489107393754
-0.35687273536	-0.437070954359	-0.2435343637
-0.0937780839618	-0.61598280684	0.414649413151
0.202095730635	-0.297560541114	0.681660594043
0.538310834811	-0.614050963235	0.769057575827
2.06324160256	1.52471874713	0.389533968757
-1.44194090372	0.845672124799	-0.445312761577
-1.49226603185	0.211784774909	-0.367183390854
-0.97405158438	-1.3418687252	-1.5496323079
0.313535123358	-0.403554860989	-1.07418001431
-0.00141203352031	1.09771332616	0.872331835022
-1.75518049425	0.79548508006	-2.00753107592
1.18613372823	0.62856103268	-0.0578423093276
1.85590174006	0.0284835872828	-0.181433741349
0.612399129093	-0.763324239849	-0.354961504225
-0.261775818787	0.812125790177	0.48261534182
-0.886511949993	-0.0377569799201	-0.562953210613
0.897705735327	0.383232045388	-1.32480627312
1.13926922638	-0.0554806211895	0.533784943221
0.490733415149	0.972823327149	0.80690917383
0.317545830539	0.0514784058692	-0.972116873461
0.159836117657	0.765861400229	-1.7338633174
-0.299493477422	1.90876070221	-1.21212109054
-0.122281527058	0.226061567851	0.424852083387
-1.30296069754	0.244866723607	0.679017169596
1.66073780857	-2.03127037332	-0.435329735836
-0.879835763278	0.128831874365	0.0553409810007
1.47203289435	0.525387733473	-1.11095570765
-0.18956627667	0.825639524811	2.47024249317
0.311087217159	-0.583718763658	0.580508924566
0.83261275254	-0.538230522403	0.261325580427
0.457331914787	-0.209657825834	-1.73319881866
0.576554229795	0.0737860146444	-1.60255740513
0.547601993841	-1.96832150587	-0.219554540307
-0.249335331363	0.998315136295	-0.0578275286672
-0.984901393626	-0.0344766699778	0.380586259402
0.474504970803	-0.555504137124	-0.392933986488
-0.561298381181	-0.251973681264	0.566106359711
-1.05376786548	-0.358932173107	0.653291794412
-0.0693672170455	1.11993425163	1.84164675946
0.304780848719	-0.819031561278	0.875894181056
-0.172806335458	1.2498402151	-0.922306896906
-0.130690339975	1.30454652924	0.60469224918
-0.232043615399	0.181585063769	0.463922932738
-0.204516802399	1.46282365331	0.506149351099
-1.98688456216	0.561083293454	0.343115780528
-0.0338525252888	-0.0615564986997	-0.711204229201
3.22056842669	-0.120111632646	0.34295845275
1.81025045975	0.610787018818	-0.373558343233
-0.00229037395227	0.476721329665	0.618152684259
-0.23481611936	-2.10130549262	-0.487496317535
-2.30274347209	0.934849209519	1.36716614352
-1.18057526035	-0.290912802765	-1.93928694938
0.628705484385	-0.222552333587	0.223107533746
0.051648573458	0.499167267058	-0.811247994611
-0.399346059774	0.514977879883	-0.0869210713092
0.560156615564	-0.153577005668	0.227588625744
1.3023044558	-0.143113069281	0.614649703048
-0.0420855727465	0.789137403626	-1.81736301154
-0.581057736799	0.369804589214	-0.43391320154
1.20704673163	1.45671542224	-1.54268645486
0.778064823703	1.00586304073	0.51315232768
0.774116186357	1.30028916014	0.913560297581
0.456816378764	1.15238877192	0.741500368059
2.16205824294	0.517910342855	1.78976693618
0.375039536838	-0.0759693398275	-0.678003159023
0.60054139676	0.493477305311	0.393853980956
-0.906409064949	0.319150756142	-0.499143857592
-0.660399259743	0.0774697006859	0.38755181531
0.976352870936	-0.841298910748	-0.145935565769
0.854822933081	-0.285540921833	0.0538424706951
-0.603582238959	-1.16037525952	-0.812097638603
-1.19584937444	0.562516476862	-0.236867387563
-0.219673693351	-1.62332207029	-0.634396060563
0.34087663287	2.83368287098	-0.0762703682811
-0.998245619342	-0.434901876241	-0.829301308323
0.841079117507	0.270050745935	1.61270583801
0.568196275291	2.60784059375	-0.106573604447
2.01782901412	-0.840257542312	-0.0861640611496
-0.786269287717	0.588488279128	-0.34659844929
-0.534316432528	-1.08901355705	0.291769467159
0.253801778741	-0.580686581606	-0.213051340552
-1.68681112628	-0.857073000644	-0.801161816534
1.38622683707	-0.516565921302	-0.190407654582
1.44635634465	-2.09842034371	-1.16985885089
-0.418794292766	-2.94457306685	-0.0985543370735
-0.280782183287	0.739850689676	1.62718156424
0.0301324829872	-0.145601339138	0.227530431441
1.04885642684	1.77393872342	1.11688684903
1.08125126876	1.50941576732	-0.498693759842
-0.913155251868	-0.126944808616	0.0796858592287
1.02034518555	-0.790109652036	-1.15544734144
-0.367505473062	1.26391366271	0.827048904066
-0.572469016988	1.21167772237	1.79298818181
1.37912467675	2.04991715756	0.992011339001
-0.930034795502	-0.249393879487	-1.00289456442
-2.57270653085	-0.046080382531	1.35918202827
0.0209713745526	-0.210473100288	1.59726060113
0.926191404744	-0.136542926411	1.16816261766
-1.00624497729	-0.616759339004	0.218939552917
0.717838286804	0.0133330528649	1.34805985508
0.662176494479	-1.050645418	-1.03487000008
-0.243242467152	-0.753366447739	-1.45432933918
-1.0229201428	-0.47698877733	0.199095600115
-1.06108307267	0.817840376641	1.550795347
1.22576831025	1.5225412755	0.137487187191
0.44847792362	0.952169866167	-1.11506911375
0.651412112762	-0.192102047008	0.337622605144
0.0475437008344	1.47157871644	0.476930667707
2.01020907996	0.135824350829	-0.828131502582
-0.975346214329	1.2497014633	0.977551098795
-0.555820319065	-0.167353893261	1.81064773108
0.746234582129	1.47763996533	-1.43665013163
0.954872076661	2.11685405459	0.368600484503
0.431669777856	0.882142941447	-0.0262130175373
-1.94188009991	-1.10682501089	-0.667835247477
0.210711689051	-0.530194734062	-0.295190706289
-0.172721683481	0.638453586684	1.80762217656
1.0089001325	0.672822241175	0.770658419985
1.5330016943	0.57632079683	-0.819780860538
-1.30205150411	1.59947713133	0.676874883923
1.32406168869	0.310813188147	0.504487259854
1.2603318144	-1.25846807438	1.18106783435
1.23295341043	-0.00692844039847	0.367449070382
0.652186142793	0.247131013548	1.54326423109
1.32678884336	0.611316136144	-0.682902446196
-0.920411447109	0.938984498744	0.281447849459
1.16216297266	-0.0351007672117	-0.825615005158
-0.309159522835	-0.252156610619	0.780844262441
0.344064840657	1.27524691618	1.3037629368
1.81700521411	0.465589020956	-0.986204643982
-1.71975776627	-2.2300785009	-0.439105688076
-2.39724211104	0.124508477274	1.49399485261
-0.237058119011	-1.48201448904	0.429888834861
-0.782186326396	0.38966561933	-0.480306207997
-1.05190314096	-0.987736044405	-0.182059573346
-0.379466843181	0.273247901581	-0.138556375664
0.881904234848	-0.514896825894	-0.117796368232
-0.108906433001	-1.14264900501	-1.34912020525
0.316879918528	-0.128845480523	-1.35264379716
0.161457589364	0.739064341267	0.165376950893
-1.49507953229	-1.71363899916	2.05059919251
0.772166775087	2.27124320236	-0.973835983065
0.474168927864	-0.628020969395	0.58123839848
0.241987538272	-0.140923737815	-0.653254593107
1.73585557355	0.493222593126	0.699760764697
-0.490214813566	0.296281202334	0.574773787647
-0.505159694438	0.702548284562	-0.554584830823
0.728335525903	-1.2438581197	-1.10782181822
-0.426698160836	-2.75565110413	-1.1483471629
-1.23467700219	-0.589449629156	-1.31324844357
-0.494713614921	0.669989476406	-0.13809362151
0.0582058348293	-0.780497604204	0.337541602557
-0.166919740424	0.105765695915	0.0444864156687
-0.368945924542	-0.0739514146094	-0.799669242952
0.12468694171	-1.28972763213	1.29233277887
-1.29214726524	1.32256757869	1.59384870123
-2.59771964831	-2.16843431028	-0.562369609023
0.673750847189	1.22384655856	-1.05262986006
0.985048780772	-0.91799537545	-1.01645500695
0.352714198663	-1.60892009384	2.01164700374
-0.963712582516	-0.174083031585	-0.299346136936
0.449206072852	-0.385968725186	0.357223669235
0.609983151085	0.824893035399	0.101578077492
0.418087822415	-0.774300026231	-1.86986605165
0.812736936274	0.647766816749	0.498688555812
1.13713333409	-0.0168398381599	0.588231220147
0.124583609719	-0.094401334876	0.9533798682
0.837739404367	2.56399252967	-1.30790797299
0.781865640569	-0.644111119991	-0.924558455834
-0.0584338422294	-1.23936078708	-1.06322680434
1.78832372589	1.37649207722	1.7866910453
0.0795562591932	1.19301388356	0.078492977427
1.37047884745	-0.700814397306	-0.872384338942
0.487689036718	0.58453439448	-1.75387298465
0.64565115859	1.55177584718	-1.22476324055
-1.22126939664	0.603332872088	0.159796968199
0.973776410351	-0.957086521847	-1.39408256613
-0.970552476664	-0.948372928974	-0.496041545154
0.415224120216	-0.0317636437286	-0.589992992726
0.680320058212	-0.371570429288	-1.34657031932
-0.996609814992	0.835854416012	-1.20334673287
0.466394868971	-1.09040075076	-1.02196267677
0.57162827413	1.05248104176	1.78473219222
1.36452821603	-1.88401555749	-0.273768426853
-0.235132964695	0.171791650427	-0.906591766005
0.873799242147	-0.464476588208	-0.0996078186843
-0.909634806354	1.70974602927	0.853468553918
-1.49854520483	1.57916664412	1.36272553353
1.28625573269	-0.0552099009107	0.153398426709
-0.94294290163	0.103139784771	0.899135254435
0.163851005214	0.0225562085823	0.985981138737
1.2418035586	0.246564707387	-0.0303132927923
-0.801988627354	-0.606592669855	1.15199611702
0.746980325653	-1.20393765081	0.987447823073
-1.90683250107	0.431345724446	-0.160961858877
-1.19082887606	-0.185298369868	-0.724054606553
-0.968230521771	1.0625606564	0.0431919351611
-0.214901760795	0.105938191567	0.387693074906
-0.00031842514649	0.343792891617	-0.965541855413
0.0340855662335	-0.371758159629	-0.829228659672
0.929497392199	0.196961270666	-0.275504320579
0.0622478246558	0.249923297904	-1.52440780982
-0.0903772184695	1.84629022867	1.04164133106
0.262791982774	-0.360082696563	1.39894773358
-0.0622088602847	-0.758216829121	-0.0857465146291
0.209345876055	-0.149472621626	1.20653855688
0.120604151122	0.937266137829	-1.3321526868
-1.00129153118	0.0660090275597	-0.240718777074
0.400305653748	-0.270752050699	0.783116196775
-1.15167755993	1.27178483642	-2.15270739567
0.261239940238	0.819937859541	-0.312776423922
0.281080799508	-0.428825495225	-0.19151712145
-0.698572686669	0.286192393239	0.576377190035
0.210853211664	-2.0267957077	-1.3711998343
0.939968469883	0.49043675662	0.569744238127
-0.361403770047	1.80859011939	0.328376028765
-0.492476850774	-0.690402429193	0.297137512972
1.03771865317	0.0266017714342	0.44823618596
1.0249178466	-0.469555340314	-0.323371544066
-0.0866427250269	-0.862428057796	1.15598615738
-0.583644006229	-1.41646053346	0.799195738366
-2.0638562648	-0.457673034484	0.315795386847
-0.0139593245919	-0.376068735377	-0.715356214443
1.80275950935	-1.53952602015	1.14438203036
0.137597935103	-0.710266122665	-0.479262916272
-1.00097132662	0.44797867637	-0.0386443198569
-0.466411982324	0.668338831585	2.24315991049
-0.197019793498	-0.667736333896	-0.590683483707
1.68843997507	0.915396280822	0.750553137933
-0.914734090124	-0.603937009427	-0.978893184789
0.559663953384	0.055128615896	1.06374311372
-1.9109791793	1.10182860435	-0.273371232083
-0.231060732024	-0.778534897463	-0.878016523326
-1.0028121306	0.486585379151	0.261245481191
-0.314995288673	0.50627957098	0.787822822844
0.467777751146	-1.48092356371	0.219047567777
0.775571824398	0.138377088148	1.53785286045
-0.187720195613	1.19509389727	0.0749160602443
2.35726553701	-0.0764036624328	0.322665687624
-0.233626139794	-0.634114294959	-0.335548913246
-0.363182906384	-1.26111465124	-1.56251217755
-0.218659720378	-1.12313434869	-0.228739328386
-1.03654499276	-2.19153869616	-0.673161295836
-0.150803632418	-1.20119617162	0.083551010432
1.81921679974	-0.556258421245	-1.01375114294
0.804958007673	1.13884877557	-0.913211756664
2.04749328019	-0.894782950262	1.0591027191
-0.605856719502	-1.09683234534	0.217642583444
2.12204677132	1.12149057651	-1.10116634216
-1.27257114085	0.843458945772	0.873966141982
-1.16225487073	0.126185789961	0.505784850497
0.669515236972	0.483397790044	-0.438356588643
-0.139521460771	1.66787661385	0.906356209979
0.860304105249	-0.00941371013532	-0.807548501529
-0.784812865363	-1.31551550667	0.68752447297
-0.157235266498	0.303399760358	-0.363406910025
-0.552651148254	0.414420952123	0.175171038508
-0.529515778949	-0.0674569432716	1.05881471744
-0.117897925028	-1.85342078644	-0.701849443752
0.262396341724	-1.72459597458	0.276580375904
1.07302413426	0.635285116422	-2.17854823586
0.312043764765	1.57237845011	2.00279328978
0.00931011497004	-1.12841973366	-1.25913117392
-0.267123075114	1.75490897287	0.0590811856466
0.946492296631	0.212601816606	-0.527676150948
-1.09541215342	0.390338395744	-0.147141855977
-0.522368148617	0.630582665794	2.02491452927
1.57307642486	2.11448852557	0.620037661461
0.53375883586	1.72318947824	-1.39059924967
0.61372023093	0.746699622727	-1.50417939664
-1.68746712732	1.2069778066	-0.840076509613
2.23258264271	-1.75868633708	1.16878532421
-1.0895529458	1.97785168683	0.330122894664
1.48140367846	-0.401635886036	1.63411830526
-1.76454504953	2.13418623086	-0.521586755782
-0.748533252894	0.105654724229	-0.701488515968
0.608079267587	-0.486693008852	0.337698829842
0.949077650341	-0.491730583093	-0.551621639222
0.0462001929351	0.00415850952305	-0.858701722747
0.744886702767	-0.392201380438	-0.731709634689
-0.0457658472897	-1.07716255407	-0.882982995418
0.63293045119	0.703033711889	-1.09326835064
0.186470023708	2.67985370903	1.07563143276
